154.06,-11.537,-48.847
153.6,-11.147,-49.261
166.33,-0.38253,-40.489
169.16,-2.6587,-38.528
170.08,-1.4343,-38.691
170.08,-2.2818,-38.557
170.08,-2.2818,-38.557
144.71,-1.8305,-20.605
133.8,-1.3335,-4.234
145.21,-1.7812,7.6327
157.68,-1.8737,22.501
165.72,-1.6516,35.342
172.81,-1.5897,47.004
172.62,-1.985,47.235
173.24,-1.4609,47.74
173.04,-1.1276,47.09
172.57,-1.8522,46.792
171.84,-1.9761,45.968
172.13,-2.0454,45.807
171.93,-1.7794,45.663
172.02,-2.1101,45.609
172.19,-1.9801,45.687
172.06,-1.9126,45.549
172.76,-1.5893,45.366
172.45,-1.9831,45.838
172.7,-2.1846,44.795
174.65,-2.0084,45.247
175.33,-1.8146,45.385
177.01,-1.7641,45.583
178.27,-1.9816,45.934
179.12,-2.2658,45.729
179.96,-2.3455,46.102
179.74,-2.2047,46.006
179.35,-2.5437,45.952
180.29,-2.6261,46.277
182.93,-2.8751,46.355
182.93,-2.8751,46.355
190.1,-3.1335,47.191
194.97,-3.6624,48.253
194.83,-3.7343,48.688
194.58,-3.6549,48.629
194.6,-3.73,48.434
194.31,-3.799,48.301
194.89,-3.7355,48.702
194.31,-4.0226,48.57
198.44,-4.7929,48.767
209.03,-9.541,51.814
214.9,-13.775,53.718
214.47,-13.335,53.764
214.94,-14.109,54.168
214.57,-14.249,53.748
214.57,-14.249,53.748
214.21,-14.555,53.697
214.78,-14.759,53.838
214.78,-14.759,53.838
231.12,-24.452,60.561
235.56,-28.58,62.097
235.37,-26.728,62.337
235.37,-26.728,62.337
235.61,-29.045,62.915
235.53,-28.118,62.127
236.03,-28.729,62.737
235.82,-28.52,63.067
235.82,-28.52,63.067
249.82,-39.489,71.58
255.71,-46.876,76.666
256.5,-46.411,77.278
256.76,-45.239,76.737
256.76,-45.239,76.737
256.51,-45.804,77.039
255.69,-45.151,75.592
256.33,-45.468,76.941
255.92,-45.597,76.566
258.85,-47.553,78.495
264.8,-55.817,84.179
267.57,-60.376,87.997
267.57,-60.376,87.997
268.77,-59.673,88.441
268.83,-60.877,88.485
268.81,-60.982,88.318
269.01,-60.918,88.665
269.27,-61.41,89.193
271.21,-61.416,90.625
271.21,-61.416,90.625
275.63,-67.21,96.835
276.63,-70.948,98.582
276.86,-70.556,98.729
276.75,-70.754,98.29
276.03,-70.682,96.734
276.67,-69.941,97.5
276.91,-70.906,98.036
276.91,-70.906,98.036
278.97,-73.948,100.62
278.97,-73.948,100.62
279.7,-75.288,102.27
279.73,-75.526,102.76
280.17,-75.069,103.62
279.89,-75.915,103.17
280.07,-75.503,103.16
279.11,-75.244,101.85
279.11,-75.244,101.85
240.42,-65.31,66.382
211,-57.664,50.993
184.89,-49.692,43.151
184.89,-49.692,43.151
184.96,-50.473,43.605
184.96,-50.473,43.605
186.11,-50.939,43.657
187.36,-51.281,44.467
187.68,-51.292,43.799
187.34,-51.045,43.446
188.09,-51.325,44.289
188.09,-51.325,44.289
188.44,-51.11,44.285
188.44,-51.11,44.285
188.14,-51.418,43.972
188.66,-51.483,44.356
189.09,-51.678,44.999
188.33,-51.315,43.939
188.27,-51.376,43.125
188.48,-51.822,42.122
188.48,-51.822,42.122
189.06,-51.358,42.083
188.58,-51.383,41.244
189.74,-52.167,41.401
189.84,-51.49,41.585
188.62,-51.781,38.722
190.53,-52.148,38.4
190.53,-52.148,38.4
192.06,-52.25,36.977
192.06,-52.25,36.977
192.22,-52.454,36.619
192.02,-52.635,36.653
191.47,-52.878,36.277
192.03,-52.956,36.405
192.91,-53.357,34.04
193.98,-53.412,31.145
193.91,-53.313,30.102
193.91,-53.313,30.102
194.99,-53.931,28.668
195.04,-53.947,27.725
195.04,-53.947,27.725
195.44,-53.894,27.466
195.44,-53.894,27.466
198.97,-54.869,22.764
198.35,-54.944,21.116
200.01,-55.405,19.873
199.74,-55.412,19.604
199.74,-55.412,19.604
198.83,-54.914,18.197
199.14,-54.998,17.79
199.49,-55.178,18.086
198.71,-54.552,12.242
200.54,-55.137,10.403
202.25,-55.191,9.5515
201.64,-55.521,8.2613
201.42,-55.629,7.2565
201.47,-55.557,6.8486
201.97,-55.946,7.1918
201.77,-55.391,7.2493
201.6,-55.677,4.821
202.67,-55.972,2.1867
204.45,-56.549,0.56499
203.57,-56.81,-0.65239
203.93,-56.657,-0.099884
203.91,-56.652,-0.37935
204.37,-57.286,0.2498
204.59,-57.431,-0.034851
204.27,-57.427,-0.17734
204.27,-57.427,-0.17734
205,-58.397,-2.489
203.21,-57.044,-6.4862
204.07,-57.454,-6.6806
203.6,-56.988,-7.2926
204.08,-57.29,-7.4417
204.08,-57.29,-7.4417
203.27,-56.81,-9.0196
203.65,-56.917,-9.0665
203.65,-56.917,-9.0665
203.79,-56.701,-10.214
203.5,-56.96,-10.738
203.33,-56.66,-10.861
203.64,-56.494,-11.419
203.63,-57.08,-11.59
204.38,-57.12,-10.535
204.38,-57.12,-10.535
204.38,-57.12,-10.535
204.38,-57.12,-10.535
204.38,-57.12,-10.535
204.38,-57.12,-10.535
204.38,-57.12,-10.535
204.38,-57.12,-10.535
204.38,-57.12,-10.535
204.38,-57.12,-10.535
204.38,-57.12,-10.535
204.38,-57.12,-10.535
204.38,-57.12,-10.535
204.38,-57.12,-10.535
204.38,-57.12,-10.535
204.38,-57.12,-10.535
204.38,-57.12,-10.535
204.38,-57.12,-10.535
198.89,-35.357,-14.815
