0,0,0
0,0,0
-100.25,185.3,295
-100.25,185.3,295
-100.25,185.3,295
-100.25,185.3,295
-100.25,185.3,295
-100.25,185.3,295
-100.25,185.3,295
-99,186.3,295.5
-99,186.3,295.5
-99,186.3,295.5
-99,186.3,295.5
-99,186.3,295.5
-98,185.55,293.75
-98,185.55,293.75
-98,185.55,293.75
-98,185.55,293.75
-98,185.55,293.75
-98,185.55,293.75
-98,185.55,293.75
-99.75,185.55,293.75
-99.75,185.55,293.75
-99.75,185.55,293.75
-99.75,185.55,293.75
-99.75,185.55,293.75
-99.75,185.55,293.75
-99.75,185.55,293.75
-99.75,185.55,293.75
-99.75,185.55,293.75
-98.75,187.05,290
-98.75,187.05,290
-98.75,187.05,290
-98.75,187.05,290
-98.75,187.05,290
-98.75,187.05,290
-98.75,187.05,290
-98.75,187.05,290
-98.75,187.05,290
-98.75,187.05,290
-99,185.8,294
-99,185.8,294
-99,185.8,294
-99,185.8,294
-99,185.8,294
-99,185.8,294
-99,185.8,294
-99,185.8,294
-99,185.8,294
-99,185.8,294
-98.75,186.8,294
-98.75,186.8,294
-98.75,186.8,294
-98.75,186.8,294
-98.75,186.8,294
-98.75,186.8,294
-98.75,186.8,294
-98.75,186.8,294
-98.75,186.8,294
-98.75,186.8,294
-99.5,186.8,293.75
-99.5,186.8,293.75
-99.5,186.8,293.75
-99.5,186.8,293.75
-99.5,186.8,293.75
-99.5,186.8,293.75
-99.5,186.8,293.75
-99.5,186.8,293.75
-99.5,186.8,293.75
-100,186.05,294.25
-100,186.05,294.25
-100,186.05,294.25
-100,186.05,294.25
-100,186.05,294.25
-100,186.05,294.25
-100,186.05,294.25
-100,186.05,294.25
-100,186.05,294.25
-100,186.05,294.25
-99.5,185.8,294.5
-99.5,185.8,294.5
-99.5,185.8,294.5
-99.5,185.8,294.5
-99.5,185.8,294.5
-99.5,185.8,294.5
-99.5,185.8,294.5
-99.5,185.8,294.5
-99.5,185.8,294.5
-99.5,185.8,294.5
-99.25,185.05,294.5
-99.25,185.05,294.5
-99.25,185.05,294.5
-99.25,185.05,294.5
-99.25,185.05,294.5
-99.25,185.05,294.5
-99.25,185.05,294.5
-99.25,185.05,294.5
-99.25,185.05,294.5
-99.25,185.05,294.5
-99.25,185.05,294.5
-99.75,185.55,292.25
-99.75,185.55,292.25
-99.75,185.55,292.25
-99.75,185.55,292.25
-99.75,185.55,292.25
-99.75,185.55,292.25
-99.75,185.55,292.25
-99.75,185.55,292.25
-99.75,185.55,292.25
-99.75,185.55,292.25
-100,185.05,294.5
-100,185.05,294.5
-100,185.05,294.5
-100,185.05,294.5
-100,185.05,294.5
-100,185.05,294.5
-100,185.05,294.5
-100,185.05,294.5
-100,185.05,294.5
-100,185.05,294.5
-99.5,186.55,292.75
-99.5,186.55,292.75
-99.5,186.55,292.75
-99.5,186.55,292.75
-99.5,186.55,292.75
-99.5,186.55,292.75
-99.5,186.55,292.75
-99.5,186.55,292.75
-99.5,186.55,292.75
-99.5,186.55,292.75
-99.25,186.8,293.25
-99.25,186.8,293.25
-99.25,186.8,293.25
-99.25,186.8,293.25
-99.25,186.8,293.25
-99.25,186.8,293.25
-99.25,186.8,293.25
-99.25,186.8,293.25
-99.25,186.8,293.25
-99.25,186.8,293.25
-99.75,185.55,292.25
-99.75,185.55,292.25
-99.75,185.55,292.25
-99.75,185.55,292.25
-99.75,185.55,292.25
-99.75,185.55,292.25
-99.75,185.55,292.25
-99.75,185.55,292.25
-99.75,185.55,292.25
-99.75,185.55,292.25
-100.25,185.3,294
-100.25,185.3,294
-100.25,185.3,294
-100.25,185.3,294
-100.25,185.3,294
-100.25,185.3,294
-100.25,185.3,294
-100.25,185.3,294
-100.25,185.3,294
-100.25,185.3,294
-99.5,186.3,293.25
-99.5,186.3,293.25
-99.5,186.3,293.25
-99.5,186.3,293.25
-99.5,186.3,293.25
-99.5,186.3,293.25
-99.5,186.3,293.25
-99.5,186.3,293.25
-99.5,186.3,293.25
-99.5,186.3,293.25
-99.25,186.55,293.5
-99.25,186.55,293.5
-99.25,186.55,293.5
-99.25,186.55,293.5
-99.25,186.55,293.5
-99.25,186.55,293.5
-99.25,186.55,293.5
-99.25,186.55,293.5
-99.25,186.55,293.5
-99.25,186.55,293.5
-99.25,186.55,293.5
-99.25,186.55,293.5
-99.25,186.55,293.5
-99.25,186.55,293.5
-99.25,186.55,293.5
-99.25,186.55,293.5
-99.25,186.55,293.5
-99.25,186.55,293.5
-99.25,186.55,293.5
-99.25,186.55,293.5
-99.25,186.55,293.5
-99.25,186.55,293.5
-99.25,186.55,293.5
-99.25,186.55,293.5
-99.25,186.55,293.5
-99.25,186.55,293.5
-99.25,186.55,293.5
-99.25,186.55,293.5
-99.25,186.55,293.5
-99.25,186.55,293.5
-72.25,101.8,266.5
-72.25,101.8,266.5
-72.25,101.8,266.5
-72.25,101.8,266.5
-72.25,101.8,266.5
-72.25,101.8,266.5
-72.25,101.8,266.5
-72.25,101.8,266.5
-72.25,101.8,266.5
-14.75,-22.2,111.5
-14.75,-22.2,111.5
-14.75,-22.2,111.5
-14.75,-22.2,111.5
-14.75,-22.2,111.5
-14.75,-22.2,111.5
-14.75,-22.2,111.5
-14.75,-22.2,111.5
-14.75,-22.2,111.5
-14.75,-22.2,111.5
-25,-19.95,-16
-25,-19.95,-16
-25,-19.95,-16
-25,-19.95,-16
-25,-19.95,-16
-25,-19.95,-16
-25,-19.95,-16
-25,-19.95,-16
-25,-19.95,-16
-16.25,-15.95,-11
-16.25,-15.95,-11
-16.25,-15.95,-11
-16.25,-15.95,-11
-16.25,-15.95,-11
-16.25,-15.95,-11
-16.25,-15.95,-11
-16.25,-15.95,-11
-16.25,-15.95,-11
-16.25,-15.95,-11
-17,-15.7,-2.25
-17,-15.7,-2.25
-17,-15.7,-2.25
-17,-15.7,-2.25
-17,-15.7,-2.25
-17,-15.7,-2.25
-17,-15.7,-2.25
-17,-15.7,-2.25
-17,-15.7,-2.25
-20.5,-12.7,-2.5
-20.5,-12.7,-2.5
-20.5,-12.7,-2.5
-20.5,-12.7,-2.5
-20.5,-12.7,-2.5
-20.5,-12.7,-2.5
-20.5,-12.7,-2.5
-20.5,-12.7,-2.5
-20.5,-12.7,-2.5
-19.5,-13.2,-1.25
-19.5,-13.2,-1.25
-19.5,-13.2,-1.25
-19.5,-13.2,-1.25
-19.5,-13.2,-1.25
-19.5,-13.2,-1.25
-19.5,-13.2,-1.25
-19.5,-13.2,-1.25
-19.5,-13.2,-1.25
-19.5,-13.2,-1.25
-19.5,-13.45,-4.25
-19.5,-13.45,-4.25
-19.5,-13.45,-4.25
-19.5,-13.45,-4.25
-19.5,-13.45,-4.25
-19.5,-13.45,-4.25
-19.5,-13.45,-4.25
-19.5,-13.45,-4.25
-19.5,-13.45,-4.25
-19.25,-13.95,-2.25
-19.25,-13.95,-2.25
-19.25,-13.95,-2.25
-19.25,-13.95,-2.25
-19.25,-13.95,-2.25
-19.25,-13.95,-2.25
-19.25,-13.95,-2.25
-19.25,-13.95,-2.25
-19.25,-13.95,-2.25
-19.75,-14.45,0
-19.75,-14.45,0
-19.75,-14.45,0
-19.75,-14.45,0
-19.75,-14.45,0
-19.75,-14.45,0
-19.75,-14.45,0
-19.75,-14.45,0
-19.75,-14.45,0
-19.75,-14.45,0
-19.5,-14.2,-3.25
-19.5,-14.2,-3.25
-19.5,-14.2,-3.25
-19.5,-14.2,-3.25
-19.5,-14.2,-3.25
-19.5,-14.2,-3.25
-19.5,-14.2,-3.25
-19.5,-14.2,-3.25
-19.5,-14.2,-3.25
-19.75,-15.2,-0.75
-19.75,-15.2,-0.75
-19.75,-15.2,-0.75
-19.75,-15.2,-0.75
-19.75,-15.2,-0.75
-19.75,-15.2,-0.75
-19.75,-15.2,-0.75
-19.75,-15.2,-0.75
-19.75,-15.2,-0.75
-18.5,-15.45,-4.75
-18.5,-15.45,-4.75
-18.5,-15.45,-4.75
-18.5,-15.45,-4.75
-18.5,-15.45,-4.75
-18.5,-15.45,-4.75
-18.5,-15.45,-4.75
-18.5,-15.45,-4.75
-18.5,-15.45,-4.75
-18.5,-15.45,-4.75
-18.75,-14.2,-3.25
-18.75,-14.2,-3.25
-18.75,-14.2,-3.25
-18.75,-14.2,-3.25
-18.75,-14.2,-3.25
-18.75,-14.2,-3.25
-18.75,-14.2,-3.25
-18.75,-14.2,-3.25
-18.75,-14.2,-3.25
-19.25,-13.7,-3.5
-19.25,-13.7,-3.5
-19.25,-13.7,-3.5
-19.25,-13.7,-3.5
-19.25,-13.7,-3.5
-19.25,-13.7,-3.5
-19.25,-13.7,-3.5
-19.25,-13.7,-3.5
-19.25,-13.7,-3.5
-19.25,-13.7,-3.5
-19.25,-13.7,-3.5
-19.25,-13.7,-3.5
-19.25,-13.7,-3.5
-19.25,-13.7,-3.5
-19.25,-13.7,-3.5
-19.25,-13.7,-3.5
-19.25,-13.7,-3.5
-19.25,-13.7,-3.5
-19.25,-13.7,-3.5
-19.25,-9.45,42.5
-19.25,-9.45,42.5
-19.25,-9.45,42.5
-19.25,-9.45,42.5
-19.25,-9.45,42.5
-19.25,-9.45,42.5
-19.25,-9.45,42.5
-19.25,-9.45,42.5
-19.25,-9.45,42.5
-19.25,-9.45,42.5
-26.5,24.3,123.25
-26.5,24.3,123.25
-26.5,24.3,123.25
-26.5,24.3,123.25
-26.5,24.3,123.25
-26.5,24.3,123.25
-26.5,24.3,123.25
-26.5,24.3,123.25
-26.5,24.3,123.25
-26.5,24.3,123.25
-103.75,47.3,129.5
-103.75,47.3,129.5
-103.75,47.3,129.5
-103.75,47.3,129.5
-103.75,47.3,129.5
-103.75,47.3,129.5
-103.75,47.3,129.5
-103.75,47.3,129.5
-103.75,47.3,129.5
-103.75,47.3,129.5
-214,73.05,130.25
-214,73.05,130.25
-214,73.05,130.25
-214,73.05,130.25
-214,73.05,130.25
-214,73.05,130.25
-214,73.05,130.25
-214,73.05,130.25
-214,73.05,130.25
-214,73.05,130.25
-313.75,119.05,127.25
-313.75,119.05,127.25
-313.75,119.05,127.25
-313.75,119.05,127.25
-313.75,119.05,127.25
-313.75,119.05,127.25
-313.75,119.05,127.25
-313.75,119.05,127.25
-313.75,119.05,127.25
-313.75,119.05,127.25
-299.5,211.8,124
-299.5,211.8,124
-299.5,211.8,124
-299.5,211.8,124
-299.5,211.8,124
-299.5,211.8,124
-299.5,211.8,124
-299.5,211.8,124
-299.5,211.8,124
-299.5,211.8,124
-302,318.3,125
-302,318.3,125
-302,318.3,125
-302,318.3,125
-302,318.3,125
-302,318.3,125
-302,318.3,125
-302,318.3,125
-302,318.3,125
-302,318.3,125
-297.75,430.05,124
-297.75,430.05,124
-297.75,430.05,124
-297.75,430.05,124
-297.75,430.05,124
-297.75,430.05,124
-297.75,430.05,124
-297.75,430.05,124
-297.75,430.05,124
-297.75,430.05,124
-297.75,430.05,124
-296.5,428.05,125.5
-296.5,428.05,125.5
-296.5,428.05,125.5
-296.5,428.05,125.5
-296.5,428.05,125.5
-296.5,428.05,125.5
-296.5,428.05,125.5
-296.5,428.05,125.5
-296.5,428.05,125.5
-296.5,428.05,125.5
-304.75,429.55,123.25
-304.75,429.55,123.25
-304.75,429.55,123.25
-304.75,429.55,123.25
-304.75,429.55,123.25
-304.75,429.55,123.25
-304.75,429.55,123.25
-304.75,429.55,123.25
-304.75,429.55,123.25
-304.75,429.55,123.25
-289.75,428.55,121
-289.75,428.55,121
-289.75,428.55,121
-289.75,428.55,121
-289.75,428.55,121
-289.75,428.55,121
-289.75,428.55,121
-289.75,428.55,121
-289.75,428.55,121
-289.75,428.55,121
-289.25,431.3,122
-289.25,431.3,122
-289.25,431.3,122
-289.25,431.3,122
-289.25,431.3,122
-289.25,431.3,122
-289.25,431.3,122
-289.25,431.3,122
-289.25,431.3,122
-289.25,431.3,122
-289.25,431.3,122
-288.5,431.3,123.5
-288.5,431.3,123.5
-288.5,431.3,123.5
-288.5,431.3,123.5
-288.5,431.3,123.5
-288.5,431.3,123.5
-288.5,431.3,123.5
-288.5,431.3,123.5
-288.5,431.3,123.5
-287.25,432.55,123.75
-287.25,432.55,123.75
-287.25,432.55,123.75
-287.25,432.55,123.75
-287.25,432.55,123.75
-287.25,432.55,123.75
-287.25,432.55,123.75
-287.25,432.55,123.75
-287.25,432.55,123.75
-287.25,432.55,123.75
-287.25,429.3,122.75
-287.25,429.3,122.75
-287.25,429.3,122.75
-287.25,429.3,122.75
-287.25,429.3,122.75
-287.25,429.3,122.75
-287.25,429.3,122.75
-287.25,429.3,122.75
-287.25,429.3,122.75
-287.25,429.3,122.75
-286.5,431.3,121.75
-286.5,431.3,121.75
-286.5,431.3,121.75
-286.5,431.3,121.75
-286.5,431.3,121.75
-286.5,431.3,121.75
-286.5,431.3,121.75
-286.5,431.3,121.75
-286.5,431.3,121.75
-286.5,431.3,121.75
-286.5,431.3,121.75
-286.5,431.3,121.75
-286.5,431.3,121.75
-286.5,431.3,121.75
-286.5,431.3,121.75
-286.5,431.3,121.75
-286.5,431.3,121.75
-286.5,431.3,121.75
-286.5,431.3,121.75
-286.5,431.3,121.75
-286.5,431.3,121.75
-286.5,431.3,121.75
-286.5,431.3,121.75
-286.5,431.3,121.75
-286.5,431.3,121.75
-286.5,431.3,121.75
-286.5,431.3,121.75
-286.5,431.3,121.75
-286.5,431.3,121.75
-286.5,431.3,121.75
-286.5,431.3,121.75
-286.25,432.05,124.25
-286.25,432.05,124.25
-286.25,432.05,124.25
-286.25,432.05,124.25
-286.25,432.05,124.25
-286.25,432.05,124.25
-286.25,432.05,124.25
-286.25,432.05,124.25
-286.25,432.05,124.25
-286.25,432.05,124.25
-287,430.8,123
-287,430.8,123
-287,430.8,123
-287,430.8,123
-287,430.8,123
-287,430.8,123
-287,430.8,123
-287,430.8,123
-287,430.8,123
-287,430.8,123
-287,431.55,122.25
-287,431.55,122.25
-287,431.55,122.25
-287,431.55,122.25
-287,431.55,122.25
-287,431.55,122.25
-287,431.55,122.25
-287,431.55,122.25
-287,431.55,122.25
-287,431.55,122.25
-287,431.55,122.25
-286.25,430.8,123.75
-286.25,430.8,123.75
-286.25,430.8,123.75
-286.25,430.8,123.75
-286.25,430.8,123.75
-286.25,430.8,123.75
-286.25,430.8,123.75
-286.25,430.8,123.75
-286.25,430.8,123.75
-286.5,431.05,122
-286.5,431.05,122
-286.5,431.05,122
-286.5,431.05,122
-286.5,431.05,122
-286.5,431.05,122
-286.5,431.05,122
-286.5,431.05,122
-286.5,431.05,122
-286.5,431.05,122
-286.5,430.55,123.75
-286.5,430.55,123.75
-286.5,430.55,123.75
-286.5,430.55,123.75
-286.5,430.55,123.75
-286.5,430.55,123.75
-286.5,430.55,123.75
-286.5,430.55,123.75
-286.5,430.55,123.75
-286.5,430.55,123.75
-288.5,431.3,123.5
-288.5,431.3,123.5
-288.5,431.3,123.5
-288.5,431.3,123.5
-288.5,431.3,123.5
-288.5,431.3,123.5
-288.5,431.3,123.5
-288.5,431.3,123.5
-288.5,431.3,123.5
-288.5,431.3,123.5
-284.75,431.05,122
-284.75,431.05,122
-284.75,431.05,122
-284.75,431.05,122
-284.75,431.05,122
-284.75,431.05,122
-284.75,431.05,122
-284.75,431.05,122
-284.75,431.05,122
-284.75,431.05,122
-287,429.8,123.25
-287,429.8,123.25
-287,429.8,123.25
-287,429.8,123.25
-287,429.8,123.25
-287,429.8,123.25
-287,429.8,123.25
-287,429.8,123.25
-287,429.8,123.25
-287,429.8,123.25
-287,429.8,123.25
-287.5,430.55,122
-287.5,430.55,122
-287.5,430.55,122
-287.5,430.55,122
-287.5,430.55,122
-287.5,430.55,122
-287.5,430.55,122
-287.5,430.55,122
-287.5,430.55,122
-287.5,430.55,122
-287,431.05,122.25
-287,431.05,122.25
-287,431.05,122.25
-287,431.05,122.25
-287,431.05,122.25
-287,431.05,122.25
-287,431.05,122.25
-287,431.05,122.25
-287,431.05,122.25
-287,431.05,122.25
-285.75,431.05,121.5
-285.75,431.05,121.5
-285.75,431.05,121.5
-285.75,431.05,121.5
-285.75,431.05,121.5
-285.75,431.05,121.5
-285.75,431.05,121.5
-285.75,431.05,121.5
-285.75,431.05,121.5
-285.75,431.05,121.5
-286.75,431.05,121.5
-286.75,431.05,121.5
-286.75,431.05,121.5
-286.75,431.05,121.5
-286.75,431.05,121.5
-286.75,431.05,121.5
-286.75,431.05,121.5
-286.75,431.05,121.5
-286.75,431.05,121.5
-286.75,431.05,121.5
-285.25,431.8,122.75
-285.25,431.8,122.75
-285.25,431.8,122.75
-285.25,431.8,122.75
-285.25,431.8,122.75
-285.25,431.8,122.75
-285.25,431.8,122.75
-285.25,431.8,122.75
-285.25,431.8,122.75
-285.25,431.8,122.75
-285.25,431.8,122.75
-285.25,431.8,122.75
-285.25,431.8,122.75
-285.25,431.8,122.75
-285.25,431.8,122.75
-285.25,431.8,122.75
-285.25,431.8,122.75
-285.25,431.8,122.75
-285.25,431.8,122.75
-285.25,431.8,122.75
-285.25,431.8,122.75
-285.25,431.8,122.75
-285.25,431.8,122.75
-285.25,431.8,122.75
-285.25,431.8,122.75
-285.25,431.8,122.75
-285.25,431.8,122.75
-285.25,431.8,122.75
-285.25,431.8,122.75
-285.25,431.8,122.75
-285.25,431.8,122.75
-270.75,342.05,190.5
-270.75,342.05,190.5
-270.75,342.05,190.5
-270.75,342.05,190.5
-270.75,342.05,190.5
-270.75,342.05,190.5
-270.75,342.05,190.5
-270.75,342.05,190.5
-270.75,342.05,190.5
-270.75,342.05,190.5
-137,131.55,287.75
-137,131.55,287.75
-137,131.55,287.75
-137,131.55,287.75
-137,131.55,287.75
-137,131.55,287.75
-137,131.55,287.75
-137,131.55,287.75
-137,131.55,287.75
-137,131.55,287.75
-95.5,31.3,297.75
-95.5,31.3,297.75
-95.5,31.3,297.75
-95.5,31.3,297.75
-95.5,31.3,297.75
-95.5,31.3,297.75
-95.5,31.3,297.75
-95.5,31.3,297.75
-95.5,31.3,297.75
-95.5,31.3,297.75
-95.5,31.3,297.75
-94.5,62.55,291.75
-94.5,62.55,291.75
-94.5,62.55,291.75
-94.5,62.55,291.75
-94.5,62.55,291.75
-94.5,62.55,291.75
-94.5,62.55,291.75
-94.5,62.55,291.75
-94.5,62.55,291.75
-94.5,62.55,291.75
-105,149.3,293.75
-105,149.3,293.75
-105,149.3,293.75
-105,149.3,293.75
-105,149.3,293.75
-105,149.3,293.75
-105,149.3,293.75
-105,149.3,293.75
-105,149.3,293.75
-105,149.3,293.75
-99.25,211.3,299.25
-99.25,211.3,299.25
-99.25,211.3,299.25
-99.25,211.3,299.25
-99.25,211.3,299.25
-99.25,211.3,299.25
-99.25,211.3,299.25
-99.25,211.3,299.25
-99.25,211.3,299.25
-99.25,211.3,299.25
-95.25,185.8,294.5
-95.25,185.8,294.5
-95.25,185.8,294.5
-95.25,185.8,294.5
-95.25,185.8,294.5
-95.25,185.8,294.5
-95.25,185.8,294.5
-95.25,185.8,294.5
-95.25,185.8,294.5
-95.25,185.8,294.5
-97,182.3,291.5
-97,182.3,291.5
-97,182.3,291.5
-97,182.3,291.5
-97,182.3,291.5
-97,182.3,291.5
-97,182.3,291.5
-97,182.3,291.5
-97,182.3,291.5
-97,182.3,291.5
-98.5,188.8,296
-98.5,188.8,296
-98.5,188.8,296
-98.5,188.8,296
-98.5,188.8,296
-98.5,188.8,296
-98.5,188.8,296
-98.5,188.8,296
-98.5,188.8,296
-98.5,188.8,296
-100,187.05,293
-100,187.05,293
-100,187.05,293
-100,187.05,293
-100,187.05,293
-100,187.05,293
-100,187.05,293
-100,187.05,293
-100,187.05,293
-100,187.05,293
-100,187.05,293
-98,185.3,293
-98,185.3,293
-98,185.3,293
-98,185.3,293
-98,185.3,293
-98,185.3,293
-98,185.3,293
-98,185.3,293
-98,185.3,293
-98,185.3,293
-99.5,185.55,292.75
-99.5,185.55,292.75
-99.5,185.55,292.75
-99.5,185.55,292.75
-99.5,185.55,292.75
-99.5,185.55,292.75
-99.5,185.55,292.75
-99.5,185.55,292.75
-99.5,185.55,292.75
-99.5,185.55,292.75
-97.25,185.05,295.25
-97.25,185.05,295.25
-97.25,185.05,295.25
-97.25,185.05,295.25
-97.25,185.05,295.25
-97.25,185.05,295.25
-97.25,185.05,295.25
-97.25,185.05,295.25
-97.25,185.05,295.25
-97.25,185.05,295.25
-98.75,186.55,293.5
-98.75,186.55,293.5
-98.75,186.55,293.5
-98.75,186.55,293.5
-98.75,186.55,293.5
-98.75,186.55,293.5
-98.75,186.55,293.5
-98.75,186.55,293.5
-98.75,186.55,293.5
-98.75,186.55,293.5
-98.5,184.05,295.25
-98.5,184.05,295.25
-98.5,184.05,295.25
-98.5,184.05,295.25
-98.5,184.05,295.25
-98.5,184.05,295.25
-98.5,184.05,295.25
-98.5,184.05,295.25
-98.5,184.05,295.25
-98.5,184.05,295.25
-98.5,184.05,295.25
-98.5,184.05,295.25
-98.5,184.05,295.25
-98.5,184.05,295.25
-98.5,184.05,295.25
-98.5,184.05,295.25
-98.5,184.05,295.25
-98.5,184.05,295.25
-98.5,184.05,295.25
-98.5,184.05,295.25
-98.5,184.05,295.25
-98.5,184.05,295.25
-98.5,184.05,295.25
-98.5,184.05,295.25
-98.5,184.05,295.25
-98.5,184.05,295.25
-98.5,184.05,295.25
-98.5,184.05,295.25
-98.5,184.05,295.25
-98.5,184.05,295.25
-98.5,184.05,295.25
-98.25,184.55,293.25
-98.25,184.55,293.25
-98.25,184.55,293.25
-98.25,184.55,293.25
-98.25,184.55,293.25
-98.25,184.55,293.25
-98.25,184.55,293.25
-98.25,184.55,293.25
-98.25,184.55,293.25
-98.25,184.55,293.25
-99.25,185.3,291.25
-99.25,185.3,291.25
-99.25,185.3,291.25
-99.25,185.3,291.25
-99.25,185.3,291.25
-99.25,185.3,291.25
-99.25,185.3,291.25
-99.25,185.3,291.25
-99.25,185.3,291.25
-99.25,185.3,291.25
-99.25,185.3,294
-99.25,185.3,294
-99.25,185.3,294
-99.25,185.3,294
-99.25,185.3,294
-99.25,185.3,294
-99.25,185.3,294
-99.25,185.3,294
-99.25,185.3,294
-99.25,185.3,294
-98.75,185.8,293.25
-98.75,185.8,293.25
-98.75,185.8,293.25
-98.75,185.8,293.25
-98.75,185.8,293.25
-98.75,185.8,293.25
-98.75,185.8,293.25
-98.75,185.8,293.25
-98.75,185.8,293.25
-98.75,185.8,293.25
-99,185.8,291
-99,185.8,291
-99,185.8,291
-99,185.8,291
-99,185.8,291
-99,185.8,291
-99,185.8,291
-99,185.8,291
-99,185.8,291
-99,185.8,291
-97.75,186.05,292
-97.75,186.05,292
-97.75,186.05,292
-97.75,186.05,292
-97.75,186.05,292
-97.75,186.05,292
-97.75,186.05,292
-97.75,186.05,292
-97.75,186.05,292
-97.75,186.05,292
-99.5,185.3,294.5
-99.5,185.3,294.5
-99.5,185.3,294.5
-99.5,185.3,294.5
-99.5,185.3,294.5
-99.5,185.3,294.5
-99.5,185.3,294.5
-99.5,185.3,294.5
-99.5,185.3,294.5
-99.5,185.3,294.5
-99.5,185.55,295.5
-99.5,185.55,295.5
-99.5,185.55,295.5
-99.5,185.55,295.5
-99.5,185.55,295.5
-99.5,185.55,295.5
-99.5,185.55,295.5
-99.5,185.55,295.5
-99.5,185.55,295.5
-99.5,185.55,295.5
-99.5,185.55,295.5
-98.25,184.55,291
-98.25,184.55,291
-98.25,184.55,291
-98.25,184.55,291
-98.25,184.55,291
-98.25,184.55,291
-98.25,184.55,291
-98.25,184.55,291
-98.25,184.55,291
-98.25,184.55,291
-98.25,185.3,293
-98.25,185.3,293
-98.25,185.3,293
-98.25,185.3,293
-98.25,185.3,293
-98.25,185.3,293
-98.25,185.3,293
-98.25,185.3,293
-98.25,185.3,293
-98.25,185.3,293
-99,185.55,292.25
-99,185.55,292.25
-99,185.55,292.25
-99,185.55,292.25
-99,185.55,292.25
-99,185.55,292.25
-99,185.55,292.25
-99,185.55,292.25
-99,185.55,292.25
-99,185.55,292.25
-98.25,186.3,293.5
-98.25,186.3,293.5
-98.25,186.3,293.5
-98.25,186.3,293.5
-98.25,186.3,293.5
-98.25,186.3,293.5
-98.25,186.3,293.5
-98.25,186.3,293.5
-98.25,186.3,293.5
-98.25,186.3,293.5
-97.25,185.3,295
-97.25,185.3,295
-97.25,185.3,295
-97.25,185.3,295
-97.25,185.3,295
-97.25,185.3,295
-97.25,185.3,295
