0
0
0
0
0
0
0
0
0
0
0
0
0
0
0
0
0
0
0
0
0
0
0
0
0
0
0
0
0
0
0
0
0
0
0
0
0
0
0
0
0
0
0
0
0
0
0
0
0
0
0
0
0
0
0
0
0
0
0
0
0
0
0
0
3.75
3.75
3.75
3.75
3.75
3.75
3.75
3.75
3.75
3.5
3.5
3.5
3.5
3.5
3.5
3.5
3.5
3.5
2.25
2.25
2.25
2.25
2.25
2.25
2.25
2.25
2.25
3.75
3.75
3.75
3.75
3.75
3.75
3.75
3.75
3.75
3.75
3.5
3.5
3.5
3.5
3.5
3.5
3.5
3.5
3.5
3.75
3.75
3.75
3.75
3.75
3.75
3.75
3.75
3.75
4.25
4.25
4.25
4.25
4.25
4.25
4.25
4.25
4.25
4.25
3.5
3.5
3.5
3.5
3.5
3.5
3.5
3.5
3.5
4
4
4
4
4
4
4
4
4
4.5
4.5
4.5
4.5
4.5
4.5
4.5
4.5
4.5
4.5
2.75
2.75
2.75
2.75
2.75
2.75
2.75
2.75
4
4
4
4
4
4
4
4
4
4
4
4
4
4
4
4
4
4
4
4
4
4
4
4
4
4
4
4
4
4
4
4
4
4
4
4
4
4
4
4
4
4
4
4
4
4
4
367
367
367
367
367
367
367
367
367
367
451.25
451.25
451.25
451.25
451.25
451.25
451.25
451.25
451.25
401.75
401.75
401.75
401.75
401.75
401.75
401.75
401.75
401.75
401.75
372.25
372.25
372.25
372.25
372.25
372.25
372.25
372.25
372.25
412.5
412.5
412.5
412.5
412.5
412.5
412.5
412.5
412.5
412.5
376.75
376.75
376.75
376.75
376.75
376.75
376.75
376.75
376.75
409.75
409.75
409.75
409.75
409.75
409.75
409.75
409.75
409.75
409.75
380
380
380
380
380
380
380
380
380
380
407
407
407
407
407
407
407
407
407
407
383.25
383.25
383.25
383.25
383.25
383.25
383.25
383.25
383.25
383.25
405
405
405
405
405
405
405
405
405
405
385.5
385.5
385.5
385.5
385.5
385.5
385.5
385.5
385.5
385.5
404
404
404
404
404
404
404
404
404
386
386
386
386
386
386
386
386
386
386
386
386
386
386
386
386
386
386
386
386
386
386
386
386
386
386
386
386
386
386
386
386
386
386
386
386
386
386
386
211.75
211.75
211.75
211.75
211.75
211.75
211.75
211.75
211.75
211.75
12.25
12.25
12.25
12.25
12.25
12.25
12.25
12.25
12.25
12.25
-198.75
-198.75
-198.75
-198.75
-198.75
-198.75
-198.75
-198.75
-198.75
-381.25
-381.25
-381.25
-381.25
-381.25
-381.25
-381.25
-381.25
-381.25
-381.25
-441.25
-441.25
-441.25
-441.25
-441.25
-441.25
-441.25
-441.25
-441.25
-441.25
-375.75
-375.75
-375.75
-375.75
-375.75
-375.75
-375.75
-375.75
-375.75
-375.75
-418.75
-418.75
-418.75
-418.75
-418.75
-418.75
-418.75
-418.75
-418.75
-418.75
-385.75
-385.75
-385.75
-385.75
-385.75
-385.75
-385.75
-385.75
-385.75
-385.75
-407.25
-407.25
-407.25
-407.25
-407.25
-407.25
-407.25
-407.25
-407.25
-407.25
-398.5
-398.5
-398.5
-398.5
-398.5
-398.5
-398.5
-398.5
-398.5
-398.5
-398.5
-398.5
-398.5
-398.5
-398.5
-398.5
-398.5
-398.5
-398.5
-395.75
-395.75
-395.75
-395.75
-395.75
-395.75
-395.75
-395.75
-395.75
-395.75
-397.5
-397.5
-397.5
-397.5
-397.5
-397.5
-397.5
-397.5
-397.5
-397.5
-394.75
-394.75
-394.75
-394.75
-394.75
-394.75
-394.75
-394.75
-394.75
-394.75
-394.75
-394.75
-394.75
-394.75
-394.75
-394.75
-394.75
-394.75
-394.75
-394.75
-394.75
-394.75
-394.75
-394.75
-394.75
-394.75
-394.75
-394.75
-394.75
-394.75
-343.75
-343.75
-343.75
-343.75
-343.75
-343.75
-343.75
-343.75
-343.75
-343.75
-185.25
-185.25
-185.25
-185.25
-185.25
-185.25
-185.25
-185.25
-185.25
3.25
3.25
3.25
3.25
3.25
3.25
3.25
3.25
3.25
3.25
187.25
187.25
187.25
187.25
187.25
187.25
187.25
187.25
187.25
357.5
357.5
357.5
357.5
357.5
357.5
357.5
357.5
357.5
357.5
443
443
443
443
443
443
443
443
443
443
399.5
399.5
399.5
399.5
399.5
399.5
399.5
399.5
399.5
399.5
372.25
372.25
372.25
372.25
372.25
372.25
372.25
372.25
372.25
411.75
411.75
411.75
411.75
411.75
411.75
411.75
411.75
411.75
411.75
377.25
377.25
377.25
377.25
377.25
377.25
377.25
377.25
377.25
377.25
410.75
410.75
410.75
410.75
410.75
410.75
410.75
410.75
410.75
410.75
379.25
379.25
379.25
379.25
379.25
379.25
379.25
379.25
379.25
406
406
406
406
406
406
406
406
406
406
382.75
382.75
382.75
382.75
382.75
382.75
382.75
382.75
382.75
382.75
407.25
407.25
407.25
407.25
407.25
407.25
407.25
407.25
407.25
407.25
407.25
407.25
407.25
407.25
407.25
407.25
407.25
407.25
407.25
407.25
407.25
407.25
407.25
407.25
407.25
407.25
407.25
407.25
407.25
407.25
407.25
407.25
407.25
407.25
407.25
407.25
407.25
407.25
407.25
178.5
178.5
178.5
178.5
178.5
178.5
178.5
178.5
178.5
178.5
-12
-12
-12
-12
-12
-12
-12
-12
-12
-29.25
-29.25
-29.25
-29.25
-29.25
-29.25
-29.25
-29.25
-29.25
-29.25
26.5
26.5
26.5
26.5
26.5
26.5
26.5
26.5
26.5
-19.5
-19.5
-19.5
-19.5
-19.5
-19.5
-19.5
-19.5
-19.5
-19.5
13.25
13.25
13.25
13.25
13.25
13.25
13.25
13.25
13.25
-14
-14
-14
-14
-14
-14
-14
-14
-14
-14
8.5
8.5
8.5
8.5
8.5
8.5
8.5
8.5
8.5
-5.5
-5.5
-5.5
-5.5
-5.5
-5.5
-5.5
-5.5
-5.5
3.25
3.25
3.25
3.25
3.25
3.25
3.25
3.25
3.25
3.25
3
3
3
3
3
3
3
3
3
3.75
3.75
3.75
3.75
3.75
3.75
3.75
3.75
3.75
3.75
2.5
2.5
2.5
2.5
2.5
2.5
2.5
2.5
2.5
3
3
3
3
3
3
3
3
3
3
3
3
3
3
3
3
3
3
3
3
3
3
3
3
3
3
3
3
3
3
3
3
3
3
3
3
3
3
3
3
3
3
3
3
3
3
3
3
3
3
3
3
3
3
3
3
2.5
2.5
2.5
2.5
2.5
2.5
2.5
2.5
2.5
2.5
3
3
3
3
3
3
3
3
3
2.25
2.25
2.25
2.25
2.25
2.25
2.25
2.25
2.25
2.25
4.75
4.75
4.75
4.75
4.75
4.75
4.75
4.75
4.75
5
5
5
5
5
5
5
5
5
3.25
3.25
3.25
3.25
3.25
3.25
3.25
3.25
3.25
2.25
2.25
2.25
2.25
2.25
2.25
2.25
2.25
2.25
2.25
3.25
3.25
3.25
3.25
3.25
3.25
3.25
3.25
3.25
3.75
3.75
3.75
3.75
3.75
3.75
3.75
3.75
3.75
2.5
2.5
2.5
2.5
2.5
2.5
2.5
2.5
2.5
4.5
4.5
4.5
4.5
4.5
4.5
4.5
4.5
4.5
4.5
2.25
2.25
2.25
