0,0,0,0,0,0,0,0,0,0,0,0,0,0,0
0,0,0,0,0,0,0,0,0,0,0,0,0,0,0
0,0,0,0,0,0,0,0,0,0,0,0,0,0,0
-286.75,30.05,127,1.6367,-8.1967,1.642,0,0,0,0,0,0,0,0,0
-286.75,30.05,127,1.6367,-8.1967,1.642,0,0,0,0,0,0,0,0,0
-286.75,30.05,127,1.6367,-8.1967,1.642,0,0,0,0,0,0,0,0,0
-286.75,30.05,127,1.6367,-8.1967,1.642,0,0,0,0,0,0,0,0,0
-286.75,30.05,127,1.6367,-8.1967,1.642,0,0,0,0,0,0,0,0,0
-286.75,30.05,127,1.6367,-8.1967,1.642,0,0,0,0,0,0,0,0,0
-286.75,30.05,127,1.6367,-8.1967,1.642,0,0,0,0,0,0,0,0,0
-286.75,30.05,127,1.6367,-8.1967,1.642,0,0,0,0,0,0,0,0,0
-286.75,30.05,127,1.6367,-8.1967,1.642,0,0,0,0,0,0,0,0,0
-287.25,30.8,125,-1.642,0,1.642,0,0,0,0,0,0,0,0,0
-287.25,30.8,125,-1.642,0,1.642,0,0,0,0,0,0,0,0,0
-287.25,30.8,125,-1.642,0,1.642,0,0,0,0,0,0,0,0,0
-287.25,30.8,125,-1.642,0,1.642,0,0,0,0,0,0,0,0,0
-287.25,30.8,125,-1.642,0,1.642,0,0,0,0,0,0,0,0,0
-287.25,30.8,125,-1.642,0,1.642,0,0,0,0,0,0,0,0,0
-287.25,30.8,125,-1.642,0,1.642,0,0,0,0,0,0,0,0,0
-287.25,30.8,125,-1.642,0,1.642,0,0,0,0,0,0,0,0,0
-287.25,30.8,125,-1.642,0,1.642,0,0,0,0,0,0,0,0,0
-287.25,30.8,125,-1.642,0,1.642,0,0,0,0,0,0,0,0,0
-286.25,30.05,125.5,-1.642,0,6.5574,0,0,0,0,0,0,0,0,0
-286.25,30.05,125.5,-1.642,0,6.5574,0,0,0,0,0,0,0,0,0
-286.25,30.05,125.5,-1.642,0,6.5574,0,0,0,0,0,0,0,0,0
-286.25,30.05,125.5,-1.642,0,6.5574,0,0,0,0,0,0,0,0,0
-286.25,30.05,125.5,-1.642,0,6.5574,0,0,0,0,0,0,0,0,0
-286.25,30.05,125.5,-1.642,0,6.5574,0,0,0,0,0,0,0,0,0
-286.25,30.05,125.5,-1.642,0,6.5574,0,0,0,0,0,0,0,0,0
-286.25,30.05,125.5,-1.642,0,6.5574,0,0,0,0,0,0,0,0,0
-286.25,30.05,125.5,-1.642,0,6.5574,0,0,0,0,0,0,0,0,0
-286.75,30.05,125.5,0,9.8522,-8.1833,0,0,0,0,0,0,0,0,0
-286.75,30.05,125.5,0,9.8522,-8.1833,0,0,0,0,0,0,0,0,0
-286.75,30.05,125.5,0,9.8522,-8.1833,0,0,0,0,0,0,0,0,0
-286.75,30.05,125.5,0,9.8522,-8.1833,0,0,0,0,0,0,0,0,0
-286.75,30.05,125.5,0,9.8522,-8.1833,0,0,0,0,0,0,0,0,0
-286.75,30.05,125.5,0,9.8522,-8.1833,0,0,0,0,0,0,0,0,0
-286.75,30.05,125.5,0,9.8522,-8.1833,0,0,0,0,0,0,0,0,0
-286.75,30.05,125.5,0,9.8522,-8.1833,0,0,0,0,0,0,0,0,0
-286.75,30.05,125.5,0,9.8522,-8.1833,0,0,0,0,0,0,0,0,0
-286.75,30.05,125.5,0,9.8522,-8.1833,0,0,0,0,0,0,0,0,0
-285.75,29.55,126.5,-4.91,-3.2787,6.5681,0,0,0,0,0,0,0,0,0
-285.75,29.55,126.5,-4.91,-3.2787,6.5681,0,0,0,0,0,0,0,0,0
-285.75,29.55,126.5,-4.91,-3.2787,6.5681,0,0,0,0,0,0,0,0,0
-285.75,29.55,126.5,-4.91,-3.2787,6.5681,0,0,0,0,0,0,0,0,0
-285.75,29.55,126.5,-4.91,-3.2787,6.5681,0,0,0,0,0,0,0,0,0
-285.75,29.55,126.5,-4.91,-3.2787,6.5681,0,0,0,0,0,0,0,0,0
-285.75,29.55,126.5,-4.91,-3.2787,6.5681,0,0,0,0,0,0,0,0,0
-285.75,29.55,126.5,-4.91,-3.2787,6.5681,0,0,0,0,0,0,0,0,0
-285.75,29.55,126.5,-4.91,-3.2787,6.5681,0,0,0,0,0,0,0,0,0
-285.75,29.55,126.5,-4.91,-3.2787,6.5681,0,0,0,0,0,0,0,0,0
-286.75,31.8,127.75,-4.91,-3.2787,6.5681,0,0,0,0,0,0,0,0,0
-286.75,31.8,127.75,-4.91,-3.2787,6.5681,0,0,0,0,0,0,0,0,0
-286.75,31.8,127.75,-4.91,-3.2787,6.5681,0,0,0,0,0,0,0,0,0
-286.75,31.8,127.75,-4.91,-3.2787,6.5681,0,0,0,0,0,0,0,0,0
-286.75,31.8,127.75,-4.91,-3.2787,6.5681,0,0,0,0,0,0,0,0,0
-286.75,31.8,127.75,-4.91,-3.2787,6.5681,0,0,0,0,0,0,0,0,0
-286.75,31.8,127.75,-4.91,-3.2787,6.5681,0,0,0,0,0,0,0,0,0
-286.75,31.8,127.75,-4.91,-3.2787,6.5681,0,0,0,0,0,0,0,0,0
-286.75,31.8,127.75,-4.91,-3.2787,6.5681,0,0,0,0,0,0,0,0,0
-286.75,31.8,127.75,-4.91,-3.2787,6.5681,0,0,0,0,0,0,0,0,0
-287,31.05,126.25,-11.494,-11.475,4.918,0,0,0,0,0,0,0,0,0
-287,31.05,126.25,-11.494,-11.475,4.918,0,0,0,0,0,0,0,0,0
-287,31.05,126.25,-11.494,-11.475,4.918,0,0,0,0,0,0,0,0,0
-287,31.05,126.25,-11.494,-11.475,4.918,0,0,0,0,0,0,0,0,0
-287,31.05,126.25,-11.494,-11.475,4.918,0,0,0,0,0,0,0,0,0
-287,31.05,126.25,-11.494,-11.475,4.918,0,0,0,0,0,0,0,0,0
-287,31.05,126.25,-11.494,-11.475,4.918,0,0,0,0,0,0,0,0,0
-287,31.05,126.25,-11.494,-11.475,4.918,0,0,0,0,0,0,0,0,0
-287,31.05,126.25,-11.494,-11.475,4.918,0,0,0,0,0,0,0,0,0
-287,31.05,126.25,-11.494,-11.475,4.918,0,0,0,0,0,0,0,0,0
-285,30.3,126,0,1.6393,1.6393,0,0,0,0,0,0,0,0,0
-285,30.3,126,0,1.6393,1.6393,0,0,0,0,0,0,0,0,0
-285,30.3,126,0,1.6393,1.6393,0,0,0,0,0,0,0,0,0
-285,30.3,126,0,1.6393,1.6393,0,0,0,0,0,0,0,0,0
-285,30.3,126,0,1.6393,1.6393,0,0,0,0,0,0,0,0,0
-285,30.3,126,0,1.6393,1.6393,0,0,0,0,0,0,0,0,0
-285,30.3,126,0,1.6393,1.6393,0,0,0,0,0,0,0,0,0
-285,30.3,126,0,1.6393,1.6393,0,0,0,0,0,0,0,0,0
-285,30.3,126,0,1.6393,1.6393,0,0,0,0,0,0,0,0,0
-285,30.3,126,0,1.6393,1.6393,0,0,0,0,0,0,0,0,0
-286.75,29.05,127.5,9.8361,1.6393,1.6393,0,0,0,0,0,0,0,0,0
-286.75,29.05,127.5,9.8361,1.6393,1.6393,0,0,0,0,0,0,0,0,0
-286.75,29.05,127.5,9.8361,1.6393,1.6393,0,0,0,0,0,0,0,0,0
-286.75,29.05,127.5,9.8361,1.6393,1.6393,0,0,0,0,0,0,0,0,0
-286.75,29.05,127.5,9.8361,1.6393,1.6393,0,0,0,0,0,0,0,0,0
-286.75,29.05,127.5,9.8361,1.6393,1.6393,0,0,0,0,0,0,0,0,0
-286.75,29.05,127.5,9.8361,1.6393,1.6393,0,0,0,0,0,0,0,0,0
-286.75,29.05,127.5,9.8361,1.6393,1.6393,0,0,0,0,0,0,0,0,0
-286.75,29.05,127.5,9.8361,1.6393,1.6393,0,0,0,0,0,0,0,0,0
-285.5,30.8,126.75,9.8361,1.6393,-9.82,0,0,0,0,0,0,0,0,0
-285.5,30.8,126.75,9.8361,1.6393,-9.82,0,0,0,0,0,0,0,0,0
-285.5,30.8,126.75,9.8361,1.6393,-9.82,0,0,0,0,0,0,0,0,0
-285.5,30.8,126.75,9.8361,1.6393,-9.82,0,0,0,0,0,0,0,0,0
-285.5,30.8,126.75,9.8361,1.6393,-9.82,0,0,0,0,0,0,0,0,0
-285.5,30.8,126.75,9.8361,1.6393,-9.82,0,0,0,0,0,0,0,0,0
-285.5,30.8,126.75,9.8361,1.6393,-9.82,0,0,0,0,0,0,0,0,0
-285.5,30.8,126.75,9.8361,1.6393,-9.82,0,0,0,0,0,0,0,0,0
-285.5,30.8,126.75,9.8361,1.6393,-9.82,0,0,0,0,0,0,0,0,0
-285.5,30.8,126.75,9.8361,1.6393,-9.82,0,0,0,0,0,0,0,0,0
-285.5,30.8,126.5,8.1967,8.1967,1.642,0,0,0,0,0,0,0,0,0
-285.5,30.8,126.5,8.1967,8.1967,1.642,0,0,0,0,0,0,0,0,0
-285.5,30.8,126.5,8.1967,8.1967,1.642,0,0,0,0,0,0,0,0,0
-285.5,30.8,126.5,8.1967,8.1967,1.642,0,0,0,0,0,0,0,0,0
-285.5,30.8,126.5,8.1967,8.1967,1.642,0,0,0,0,0,0,0,0,0
-285.5,30.8,126.5,8.1967,8.1967,1.642,0,0,0,0,0,0,0,0,0
-285.5,30.8,126.5,8.1967,8.1967,1.642,0,0,0,0,0,0,0,0,0
-285.5,30.8,126.5,8.1967,8.1967,1.642,0,0,0,0,0,0,0,0,0
-285.5,30.8,126.5,8.1967,8.1967,1.642,0,0,0,0,0,0,0,0,0
-285.5,30.8,126.5,8.1967,8.1967,1.642,0,0,0,0,0,0,0,0,0
-285.5,29.55,126,-11.475,-9.82,1.642,0,0,0,0,0,0,0,0,0
-285.5,29.55,126,-11.475,-9.82,1.642,0,0,0,0,0,0,0,0,0
-285.5,29.55,126,-11.475,-9.82,1.642,0,0,0,0,0,0,0,0,0
-285.5,29.55,126,-11.475,-9.82,1.642,0,0,0,0,0,0,0,0,0
-285.5,29.55,126,-11.475,-9.82,1.642,0,0,0,0,0,0,0,0,0
-285.5,29.55,126,-11.475,-9.82,1.642,0,0,0,0,0,0,0,0,0
-285.5,29.55,126,-11.475,-9.82,1.642,0,0,0,0,0,0,0,0,0
-285.5,29.55,126,-11.475,-9.82,1.642,0,0,0,0,0,0,0,0,0
-285.5,29.55,126,-11.475,-9.82,1.642,0,0,0,0,0,0,0,0,0
-285.5,29.55,126,-11.475,-9.82,1.642,0,0,0,0,0,0,0,0,0
-285.25,30.3,126.75,-11.475,-9.82,0,0,0,0,0,0,0,0,0,0
-285.25,30.3,126.75,-11.475,-9.82,0,0,0,0,0,0,0,0,0,0
-285.25,30.3,126.75,-11.475,-9.82,0,0,0,0,0,0,0,0,0,0
-285.25,30.3,126.75,-11.475,-9.82,0,0,0,0,0,0,0,0,0,0
-285.25,30.3,126.75,-11.475,-9.82,0,0,0,0,0,0,0,0,0,0
-285.25,30.3,126.75,-11.475,-9.82,0,0,0,0,0,0,0,0,0,0
-285.25,30.3,126.75,-11.475,-9.82,0,0,0,0,0,0,0,0,0,0
-285.25,30.3,126.75,-11.475,-9.82,0,0,0,0,0,0,0,0,0,0
-285.25,30.3,126.75,-11.475,-9.82,0,0,0,0,0,0,0,0,0,0
-285.25,30.3,126.75,-11.475,-9.82,0,0,0,0,0,0,0,0,0,0
-285.5,31.05,127.5,1.6393,1.642,-1.6367,0,0,0,0,0,0,0,0,0
-285.5,31.05,127.5,1.6393,1.642,-1.6367,0,0,0,0,0,0,0,0,0
-285.5,31.05,127.5,1.6393,1.642,-1.6367,0,0,0,0,0,0,0,0,0
-285.5,31.05,127.5,1.6393,1.642,-1.6367,0,0,0,0,0,0,0,0,0
-285.5,31.05,127.5,1.6393,1.642,-1.6367,0,0,0,0,0,0,0,0,0
-285.5,31.05,127.5,1.6393,1.642,-1.6367,0,0,0,0,0,0,0,0,0
-285.5,31.05,127.5,1.6393,1.642,-1.6367,0,0,0,0,0,0,0,0,0
-285.5,31.05,127.5,1.6393,1.642,-1.6367,0,0,0,0,0,0,0,0,0
-285.5,31.05,127.5,1.6393,1.642,-1.6367,0,0,0,0,0,0,0,0,0
-285.5,31.05,127.5,1.6393,1.642,-1.6367,0,0,0,0,0,0,0,0,0
-286.5,30.05,125,4.91,-9.8361,-1.6367,0,0,0,0,0,0,0,0,0
-286.5,30.05,125,4.91,-9.8361,-1.6367,0,0,0,0,0,0,0,0,0
-286.5,30.05,125,4.91,-9.8361,-1.6367,0,0,0,0,0,0,0,0,0
-286.5,30.05,125,4.91,-9.8361,-1.6367,0,0,0,0,0,0,0,0,0
-286.5,30.05,125,4.91,-9.8361,-1.6367,0,0,0,0,0,0,0,0,0
-286.5,30.05,125,4.91,-9.8361,-1.6367,0,0,0,0,0,0,0,0,0
-286.5,30.05,125,4.91,-9.8361,-1.6367,0,0,0,0,0,0,0,0,0
-286.5,30.05,125,4.91,-9.8361,-1.6367,0,0,0,0,0,0,0,0,0
-286.5,30.05,125,4.91,-9.8361,-1.6367,0,0,0,0,0,0,0,0,0
-286.5,30.05,125,4.91,-9.8361,-1.6367,0,0,0,0,0,0,0,0,0
-285.25,31.55,125.5,4.91,-9.8361,-9.8522,0,0,0,0,0,0,0,0,0
-285.25,31.55,125.5,4.91,-9.8361,-9.8522,0,0,0,0,0,0,0,0,0
-285.25,31.55,125.5,4.91,-9.8361,-9.8522,0,0,0,0,0,0,0,0,0
-285.25,31.55,125.5,4.91,-9.8361,-9.8522,0,0,0,0,0,0,0,0,0
-285.25,31.55,125.5,4.91,-9.8361,-9.8522,0,0,0,0,0,0,0,0,0
-285.25,31.55,125.5,4.91,-9.8361,-9.8522,0,0,0,0,0,0,0,0,0
-285.25,31.55,125.5,4.91,-9.8361,-9.8522,0,0,0,0,0,0,0,0,0
-285.25,31.55,125.5,4.91,-9.8361,-9.8522,0,0,0,0,0,0,0,0,0
-285.25,31.55,125.5,4.91,-9.8361,-9.8522,0,0,0,0,0,0,0,0,0
-285.25,31.55,125.5,4.91,-9.8361,-9.8522,0,0,0,0,0,0,0,0,0
-285.75,29.05,126.5,-4.9261,9.82,4.918,0,0,0,0,0,0,0,0,0
-285.75,29.05,126.5,-4.9261,9.82,4.918,0,0,0,0,0,0,0,0,0
-285.75,29.05,126.5,-4.9261,9.82,4.918,0,0,0,0,0,0,0,0,0
-285.75,29.05,126.5,-4.9261,9.82,4.918,0,0,0,0,0,0,0,0,0
-285.75,29.05,126.5,-4.9261,9.82,4.918,0,0,0,0,0,0,0,0,0
-285.75,29.05,126.5,-4.9261,9.82,4.918,0,0,0,0,0,0,0,0,0
-285.75,29.05,126.5,-4.9261,9.82,4.918,0,0,0,0,0,0,0,0,0
-285.75,29.05,126.5,-4.9261,9.82,4.918,0,0,0,0,0,0,0,0,0
-285.75,29.05,126.5,-4.9261,9.82,4.918,0,0,0,0,0,0,0,0,0
-287.25,30.55,126.75,-1.6393,0,-6.5466,0,0,0,0,0,0,0,0,0
-287.25,30.55,126.75,-1.6393,0,-6.5466,0,0,0,0,0,0,0,0,0
-287.25,30.55,126.75,-1.6393,0,-6.5466,0,0,0,0,0,0,0,0,0
-287.25,30.55,126.75,-1.6393,0,-6.5466,0,0,0,0,0,0,0,0,0
-287.25,30.55,126.75,-1.6393,0,-6.5466,0,0,0,0,0,0,0,0,0
-287.25,30.55,126.75,-1.6393,0,-6.5466,0,0,0,0,0,0,0,0,0
-287.25,30.55,126.75,-1.6393,0,-6.5466,0,0,0,0,0,0,0,0,0
-287.25,30.55,126.75,-1.6393,0,-6.5466,0,0,0,0,0,0,0,0,0
-287.25,30.55,126.75,-1.6393,0,-6.5466,0,0,0,0,0,0,0,0,0
-287.25,30.55,126.75,-1.6393,0,-6.5466,0,0,0,0,0,0,0,0,0
-287.25,30.55,126.75,-1.6393,0,-6.5466,0,0,0,0,0,0,0,0,0
-287.25,30.55,126.75,-1.6393,0,-6.5466,0,0,0,0,0,0,0,0,0
-287.25,30.55,126.75,-1.6393,0,-6.5466,0,0,0,0,0,0,0,0,0
-287.25,30.55,126.75,-1.6393,0,-6.5466,0,0,0,0,0,0,0,0,0
-287.25,30.55,126.75,-1.6393,0,-6.5466,0,0,0,0,0,0,0,0,0
-287.25,30.55,126.75,-1.6393,0,-6.5466,0,0,0,0,0,0,0,0,0
-287.25,30.55,126.75,-1.6393,0,-6.5466,0,0,0,0,0,0,0,0,0
-287.25,30.55,126.75,-1.6393,0,-6.5466,0,0,0,0,0,0,0,0,0
-287.25,30.55,126.75,-1.6393,0,-6.5466,0,0,0,0,0,0,0,0,0
-287.25,30.55,126.75,-1.6393,0,-6.5466,0,0,0,0,0,0,0,0,0
-287.25,30.55,126.75,-1.6393,0,-6.5466,0,0,0,0,0,0,0,0,0
-287.25,30.55,126.75,-1.6393,0,-6.5466,0,0,0,0,0,0,0,0,0
-287.25,30.55,126.75,-1.6393,0,-6.5466,0,0,0,0,0,0,0,0,0
-287.25,30.55,126.75,-1.6393,0,-6.5466,0,0,0,0,0,0,0,0,0
-287.25,30.55,126.75,-1.6393,0,-6.5466,0,0,0,0,0,0,0,0,0
-287.25,30.55,126.75,-1.6393,0,-6.5466,0,0,0,0,0,0,0,0,0
-287.25,30.55,126.75,-1.6393,0,-6.5466,0,0,0,0,0,0,0,0,0
-287.25,30.55,126.75,-1.6393,0,-6.5466,0,0,0,0,0,0,0,0,0
-287.25,30.55,126.75,-1.6393,0,-6.5466,0,0,0,0,0,0,0,0,0
-273,-21.45,58.75,-4.9261,-91.803,-229.89,0,0,0,0,0,0,0,0,0
-273,-21.45,58.75,-4.9261,-91.803,-229.89,0,0,0,0,0,0,0,0,0
-273,-21.45,58.75,-4.9261,-91.803,-229.89,0,0,0,0,0,0,0,0,0
-273,-21.45,58.75,-4.9261,-91.803,-229.89,0,0,0,0,0,0,0,0,0
-273,-21.45,58.75,-4.9261,-91.803,-229.89,0,0,0,0,0,0,0,0,0
-273,-21.45,58.75,-4.9261,-91.803,-229.89,0,0,0,0,0,0,0,0,0
-273,-21.45,58.75,-4.9261,-91.803,-229.89,0,0,0,0,0,0,0,0,0
-273,-21.45,58.75,-4.9261,-91.803,-229.89,0,0,0,0,0,0,0,0,0
-273,-21.45,58.75,-4.9261,-91.803,-229.89,0,0,0,0,0,0,0,0,0
-273,-21.45,58.75,-4.9261,-91.803,-229.89,0,0,0,0,0,0,0,0,0
-171.5,-13.7,1.25,673.77,-91.803,-229.89,0,0,0,0,0,0,0,0,0
-171.5,-13.7,1.25,673.77,-91.803,-229.89,0,0,0,0,0,0,0,0,0
-171.5,-13.7,1.25,673.77,-91.803,-229.89,0,0,0,0,0,0,0,0,0
-171.5,-13.7,1.25,673.77,-91.803,-229.89,0,0,0,0,0,0,0,0,0
-171.5,-13.7,1.25,673.77,-91.803,-229.89,0,0,0,0,0,0,0,0,0
-171.5,-13.7,1.25,673.77,-91.803,-229.89,0,0,0,0,0,0,0,0,0
-171.5,-13.7,1.25,673.77,-91.803,-229.89,0,0,0,0,0,0,0,0,0
-171.5,-13.7,1.25,673.77,-91.803,-229.89,0,0,0,0,0,0,0,0,0
-171.5,-13.7,1.25,673.77,-91.803,-229.89,0,0,0,0,0,0,0,0,0
-13.75,-10.95,-2.25,673.77,-193.44,-580.33,0,0,0,0,0,0,0,0,0
-13.75,-10.95,-2.25,673.77,-193.44,-580.33,0,0,0,0,0,0,0,0,0
-13.75,-10.95,-2.25,673.77,-193.44,-580.33,0,0,0,0,0,0,0,0,0
-13.75,-10.95,-2.25,673.77,-193.44,-580.33,0,0,0,0,0,0,0,0,0
-13.75,-10.95,-2.25,673.77,-193.44,-580.33,0,0,0,0,0,0,0,0,0
-13.75,-10.95,-2.25,673.77,-193.44,-580.33,0,0,0,0,0,0,0,0,0
-13.75,-10.95,-2.25,673.77,-193.44,-580.33,0,0,0,0,0,0,0,0,0
-13.75,-10.95,-2.25,673.77,-193.44,-580.33,0,0,0,0,0,0,0,0,0
-13.75,-10.95,-2.25,673.77,-193.44,-580.33,0,0,0,0,0,0,0,0,0
-8.25,-11.45,-3.25,1301.6,-11.475,0,0,0,0,0,0,0,0,0,0
-8.25,-11.45,-3.25,1301.6,-11.475,0,0,0,0,0,0,0,0,0,0
-8.25,-11.45,-3.25,1301.6,-11.475,0,0,0,0,0,0,0,0,0,0
-8.25,-11.45,-3.25,1301.6,-11.475,0,0,0,0,0,0,0,0,0,0
-8.25,-11.45,-3.25,1301.6,-11.475,0,0,0,0,0,0,0,0,0,0
-8.25,-11.45,-3.25,1301.6,-11.475,0,0,0,0,0,0,0,0,0,0
-8.25,-11.45,-3.25,1301.6,-11.475,0,0,0,0,0,0,0,0,0,0
-8.25,-11.45,-3.25,1301.6,-11.475,0,0,0,0,0,0,0,0,0,0
-8.25,-11.45,-3.25,1301.6,-11.475,0,0,0,0,0,0,0,0,0,0
-8.25,-11.45,-3.25,1301.6,-11.475,0,0,0,0,0,0,0,0,0,0
6.5,-13.45,1.5,-50.82,-11.475,0,0,0,0,0,0,0,0,0,0
6.5,-13.45,1.5,-50.82,-11.475,0,0,0,0,0,0,0,0,0,0
6.5,-13.45,1.5,-50.82,-11.475,0,0,0,0,0,0,0,0,0,0
6.5,-13.45,1.5,-50.82,-11.475,0,0,0,0,0,0,0,0,0,0
6.5,-13.45,1.5,-50.82,-11.475,0,0,0,0,0,0,0,0,0,0
6.5,-13.45,1.5,-50.82,-11.475,0,0,0,0,0,0,0,0,0,0
6.5,-13.45,1.5,-50.82,-11.475,0,0,0,0,0,0,0,0,0,0
6.5,-13.45,1.5,-50.82,-11.475,0,0,0,0,0,0,0,0,0,0
6.5,-13.45,1.5,-50.82,-11.475,0,0,0,0,0,0,0,0,0,0
-8.25,-14.7,-0.5,-50.82,4.918,-6.5681,0,0,0,0,0,0,0,0,0
-8.25,-14.7,-0.5,-50.82,4.918,-6.5681,0,0,0,0,0,0,0,0,0
-8.25,-14.7,-0.5,-50.82,4.918,-6.5681,0,0,0,0,0,0,0,0,0
-8.25,-14.7,-0.5,-50.82,4.918,-6.5681,0,0,0,0,0,0,0,0,0
-8.25,-14.7,-0.5,-50.82,4.918,-6.5681,0,0,0,0,0,0,0,0,0
-8.25,-14.7,-0.5,-50.82,4.918,-6.5681,0,0,0,0,0,0,0,0,0
-8.25,-14.7,-0.5,-50.82,4.918,-6.5681,0,0,0,0,0,0,0,0,0
-8.25,-14.7,-0.5,-50.82,4.918,-6.5681,0,0,0,0,0,0,0,0,0
-8.25,-14.7,-0.5,-50.82,4.918,-6.5681,0,0,0,0,0,0,0,0,0
1.75,-14.7,-0.5,-65.574,-3.2733,-19.672,0,0,0,0,0,0,0,0,0
1.75,-14.7,-0.5,-65.574,-3.2733,-19.672,0,0,0,0,0,0,0,0,0
1.75,-14.7,-0.5,-65.574,-3.2733,-19.672,0,0,0,0,0,0,0,0,0
1.75,-14.7,-0.5,-65.574,-3.2733,-19.672,0,0,0,0,0,0,0,0,0
1.75,-14.7,-0.5,-65.574,-3.2733,-19.672,0,0,0,0,0,0,0,0,0
1.75,-14.7,-0.5,-65.574,-3.2733,-19.672,0,0,0,0,0,0,0,0,0
1.75,-14.7,-0.5,-65.574,-3.2733,-19.672,0,0,0,0,0,0,0,0,0
1.75,-14.7,-0.5,-65.574,-3.2733,-19.672,0,0,0,0,0,0,0,0,0
1.75,-14.7,-0.5,-65.574,-3.2733,-19.672,0,0,0,0,0,0,0,0,0
-1.75,-15.45,-0.75,-65.574,-3.2733,-19.672,0,0,0,0,0,0,0,0,0
-1.75,-15.45,-0.75,-65.574,-3.2733,-19.672,0,0,0,0,0,0,0,0,0
-1.75,-15.45,-0.75,-65.574,-3.2733,-19.672,0,0,0,0,0,0,0,0,0
-1.75,-15.45,-0.75,-65.574,-3.2733,-19.672,0,0,0,0,0,0,0,0,0
-1.75,-15.45,-0.75,-65.574,-3.2733,-19.672,0,0,0,0,0,0,0,0,0
-1.75,-15.45,-0.75,-65.574,-3.2733,-19.672,0,0,0,0,0,0,0,0,0
-1.75,-15.45,-0.75,-65.574,-3.2733,-19.672,0,0,0,0,0,0,0,0,0
-1.75,-15.45,-0.75,-65.574,-3.2733,-19.672,0,0,0,0,0,0,0,0,0
-1.75,-15.45,-0.75,-65.574,-3.2733,-19.672,0,0,0,0,0,0,0,0,0
-2.25,-14.45,-1.75,16.393,11.494,-3.2733,0,0,0,0,0,0,0,0,0
-2.25,-14.45,-1.75,16.393,11.494,-3.2733,0,0,0,0,0,0,0,0,0
-2.25,-14.45,-1.75,16.393,11.494,-3.2733,0,0,0,0,0,0,0,0,0
-2.25,-14.45,-1.75,16.393,11.494,-3.2733,0,0,0,0,0,0,0,0,0
-2.25,-14.45,-1.75,16.393,11.494,-3.2733,0,0,0,0,0,0,0,0,0
-2.25,-14.45,-1.75,16.393,11.494,-3.2733,0,0,0,0,0,0,0,0,0
-2.25,-14.45,-1.75,16.393,11.494,-3.2733,0,0,0,0,0,0,0,0,0
-2.25,-14.45,-1.75,16.393,11.494,-3.2733,0,0,0,0,0,0,0,0,0
-2.25,-14.45,-1.75,16.393,11.494,-3.2733,0,0,0,0,0,0,0,0,0
-3.25,-13.95,-3.25,-9.82,-4.918,-3.2733,0,0,0,0,0,0,0,0,0
-3.25,-13.95,-3.25,-9.82,-4.918,-3.2733,0,0,0,0,0,0,0,0,0
-3.25,-13.95,-3.25,-9.82,-4.918,-3.2733,0,0,0,0,0,0,0,0,0
-3.25,-13.95,-3.25,-9.82,-4.918,-3.2733,0,0,0,0,0,0,0,0,0
-3.25,-13.95,-3.25,-9.82,-4.918,-3.2733,0,0,0,0,0,0,0,0,0
-3.25,-13.95,-3.25,-9.82,-4.918,-3.2733,0,0,0,0,0,0,0,0,0
-3.25,-13.95,-3.25,-9.82,-4.918,-3.2733,0,0,0,0,0,0,0,0,0
-3.25,-13.95,-3.25,-9.82,-4.918,-3.2733,0,0,0,0,0,0,0,0,0
-3.25,-13.95,-3.25,-9.82,-4.918,-3.2733,0,0,0,0,0,0,0,0,0
-3.25,-14.95,-1,-9.82,-4.918,-1.642,0,0,0,0,0,0,0,0,0
-3.25,-14.95,-1,-9.82,-4.918,-1.642,0,0,0,0,0,0,0,0,0
-3.25,-14.95,-1,-9.82,-4.918,-1.642,0,0,0,0,0,0,0,0,0
-3.25,-14.95,-1,-9.82,-4.918,-1.642,0,0,0,0,0,0,0,0,0
-3.25,-14.95,-1,-9.82,-4.918,-1.642,0,0,0,0,0,0,0,0,0
-3.25,-14.95,-1,-9.82,-4.918,-1.642,0,0,0,0,0,0,0,0,0
-3.25,-14.95,-1,-9.82,-4.918,-1.642,0,0,0,0,0,0,0,0,0
-3.25,-14.95,-1,-9.82,-4.918,-1.642,0,0,0,0,0,0,0,0,0
-3.25,-14.95,-1,-9.82,-4.918,-1.642,0,0,0,0,0,0,0,0,0
-2.25,-14.2,-2,-6.5681,-3.2733,4.918,0,0,0,0,0,0,0,0,0
-2.25,-14.2,-2,-6.5681,-3.2733,4.918,0,0,0,0,0,0,0,0,0
-2.25,-14.2,-2,-6.5681,-3.2733,4.918,0,0,0,0,0,0,0,0,0
-2.25,-14.2,-2,-6.5681,-3.2733,4.918,0,0,0,0,0,0,0,0,0
-2.25,-14.2,-2,-6.5681,-3.2733,4.918,0,0,0,0,0,0,0,0,0
-2.25,-14.2,-2,-6.5681,-3.2733,4.918,0,0,0,0,0,0,0,0,0
-2.25,-14.2,-2,-6.5681,-3.2733,4.918,0,0,0,0,0,0,0,0,0
-2.25,-14.2,-2,-6.5681,-3.2733,4.918,0,0,0,0,0,0,0,0,0
-2.25,-14.2,-2,-6.5681,-3.2733,4.918,0,0,0,0,0,0,0,0,0
-2.25,-14.2,-2,-6.5681,-3.2733,4.918,0,0,0,0,0,0,0,0,0
-3.75,-15.95,-1.5,3.2787,-8.2102,4.918,0,0,0,0,0,0,0,0,0
-3.75,-15.95,-1.5,3.2787,-8.2102,4.918,0,0,0,0,0,0,0,0,0
-3.75,-15.95,-1.5,3.2787,-8.2102,4.918,0,0,0,0,0,0,0,0,0
-3.75,-15.95,-1.5,3.2787,-8.2102,4.918,0,0,0,0,0,0,0,0,0
-3.75,-15.95,-1.5,3.2787,-8.2102,4.918,0,0,0,0,0,0,0,0,0
-3.75,-15.95,-1.5,3.2787,-8.2102,4.918,0,0,0,0,0,0,0,0,0
-3.75,-15.95,-1.5,3.2787,-8.2102,4.918,0,0,0,0,0,0,0,0,0
-3.75,-15.95,-1.5,3.2787,-8.2102,4.918,0,0,0,0,0,0,0,0,0
-3.75,-15.95,-1.5,3.2787,-8.2102,4.918,0,0,0,0,0,0,0,0,0
-3.25,-14.95,-3.75,3.2787,-8.2102,6.5574,0,0,0,0,0,0,0,0,0
-3.25,-14.95,-3.75,3.2787,-8.2102,6.5574,0,0,0,0,0,0,0,0,0
-3.25,-14.95,-3.75,3.2787,-8.2102,6.5574,0,0,0,0,0,0,0,0,0
-3.25,-14.95,-3.75,3.2787,-8.2102,6.5574,0,0,0,0,0,0,0,0,0
-3.25,-14.95,-3.75,3.2787,-8.2102,6.5574,0,0,0,0,0,0,0,0,0
-3.25,-14.95,-3.75,3.2787,-8.2102,6.5574,0,0,0,0,0,0,0,0,0
-3.25,-14.95,-3.75,3.2787,-8.2102,6.5574,0,0,0,0,0,0,0,0,0
-1.25,-13.7,-3.25,-1.6393,9.8361,-6.5466,0,0,0,0,0,0,0,0,0
-1.25,-13.7,-3.25,-1.6393,9.8361,-6.5466,0,0,0,0,0,0,0,0,0
-1.25,-13.7,-3.25,-1.6393,9.8361,-6.5466,0,0,0,0,0,0,0,0,0
-1.25,-13.7,-3.25,-1.6393,9.8361,-6.5466,0,0,0,0,0,0,0,0,0
-1.25,-13.7,-3.25,-1.6393,9.8361,-6.5466,0,0,0,0,0,0,0,0,0
-1.25,-13.7,-3.25,-1.6393,9.8361,-6.5466,0,0,0,0,0,0,0,0,0
-1.25,-13.7,-3.25,-1.6393,9.8361,-6.5466,0,0,0,0,0,0,0,0,0
-1.25,-13.7,-3.25,-1.6393,9.8361,-6.5466,0,0,0,0,0,0,0,0,0
-1.25,-13.7,-3.25,-1.6393,9.8361,-6.5466,0,0,0,0,0,0,0,0,0
-1.25,-13.7,-3.25,-1.6393,9.8361,-6.5466,0,0,0,0,0,0,0,0,0
-3,-13.7,-3.25,4.918,9.8361,-6.5466,0,0,0,0,0,0,0,0,0
-3,-13.7,-3.25,4.918,9.8361,-6.5466,0,0,0,0,0,0,0,0,0
-3,-13.7,-3.25,4.918,9.8361,-6.5466,0,0,0,0,0,0,0,0,0
-3,-13.7,-3.25,4.918,9.8361,-6.5466,0,0,0,0,0,0,0,0,0
-3,-13.7,-3.25,4.918,9.8361,-6.5466,0,0,0,0,0,0,0,0,0
-3,-13.7,-3.25,4.918,9.8361,-6.5466,0,0,0,0,0,0,0,0,0
-3,-13.7,-3.25,4.918,9.8361,-6.5466,0,0,0,0,0,0,0,0,0
-3,-13.7,-3.25,4.918,9.8361,-6.5466,0,0,0,0,0,0,0,0,0
-3,-13.7,-3.25,4.918,9.8361,-6.5466,0,0,0,0,0,0,0,0,0
-3,-13.7,-3.25,4.918,9.8361,-6.5466,0,0,0,0,0,0,0,0,0
-3,-13.7,-3.25,4.918,9.8361,-6.5466,0,0,0,0,0,0,0,0,0
-3,-13.7,-3.25,4.918,9.8361,-6.5466,0,0,0,0,0,0,0,0,0
-3,-13.7,-3.25,4.918,9.8361,-6.5466,0,0,0,0,0,0,0,0,0
-3,-13.7,-3.25,4.918,9.8361,-6.5466,0,0,0,0,0,0,0,0,0
-3,-13.7,-3.25,4.918,9.8361,-6.5466,0,0,0,0,0,0,0,0,0
-3,-13.7,-3.25,4.918,9.8361,-6.5466,0,0,0,0,0,0,0,0,0
-3,-13.7,-3.25,4.918,9.8361,-6.5466,0,0,0,0,0,0,0,0,0
-3,-13.7,-3.25,4.918,9.8361,-6.5466,0,0,0,0,0,0,0,0,0
-13.25,-31.7,66.75,-3.2787,-57.283,316.39,0,0,0,0,0,0,0,0,0
-13.25,-31.7,66.75,-3.2787,-57.283,316.39,0,0,0,0,0,0,0,0,0
-13.25,-31.7,66.75,-3.2787,-57.283,316.39,0,0,0,0,0,0,0,0,0
-13.25,-31.7,66.75,-3.2787,-57.283,316.39,0,0,0,0,0,0,0,0,0
-13.25,-31.7,66.75,-3.2787,-57.283,316.39,0,0,0,0,0,0,0,0,0
-13.25,-31.7,66.75,-3.2787,-57.283,316.39,0,0,0,0,0,0,0,0,0
-13.25,-31.7,66.75,-3.2787,-57.283,316.39,0,0,0,0,0,0,0,0,0
-13.25,-31.7,66.75,-3.2787,-57.283,316.39,0,0,0,0,0,0,0,0,0
-13.25,-31.7,66.75,-3.2787,-57.283,316.39,0,0,0,0,0,0,0,0,0
-13.25,-31.7,66.75,-3.2787,-57.283,316.39,0,0,0,0,0,0,0,0,0
-118.25,-44.2,130,-744.26,-57.283,316.39,0,0,0,0,0,0,0,0,0
-118.25,-44.2,130,-744.26,-57.283,316.39,0,0,0,0,0,0,0,0,0
-118.25,-44.2,130,-744.26,-57.283,316.39,0,0,0,0,0,0,0,0,0
-118.25,-44.2,130,-744.26,-57.283,316.39,0,0,0,0,0,0,0,0,0
-118.25,-44.2,130,-744.26,-57.283,316.39,0,0,0,0,0,0,0,0,0
-118.25,-44.2,130,-744.26,-57.283,316.39,0,0,0,0,0,0,0,0,0
-118.25,-44.2,130,-744.26,-57.283,316.39,0,0,0,0,0,0,0,0,0
-118.25,-44.2,130,-744.26,-57.283,316.39,0,0,0,0,0,0,0,0,0
-118.25,-44.2,130,-744.26,-57.283,316.39,0,0,0,0,0,0,0,0,0
-118.25,-44.2,130,-744.26,-57.283,316.39,0,0,0,0,0,0,0,0,0
-213.75,-43.2,132.25,-744.26,-139.57,538.46,0,0,0,0,0,0,0,0,0
-213.75,-43.2,132.25,-744.26,-139.57,538.46,0,0,0,0,0,0,0,0,0
-213.75,-43.2,132.25,-744.26,-139.57,538.46,0,0,0,0,0,0,0,0,0
-213.75,-43.2,132.25,-744.26,-139.57,538.46,0,0,0,0,0,0,0,0,0
-213.75,-43.2,132.25,-744.26,-139.57,538.46,0,0,0,0,0,0,0,0,0
-213.75,-43.2,132.25,-744.26,-139.57,538.46,0,0,0,0,0,0,0,0,0
-213.75,-43.2,132.25,-744.26,-139.57,538.46,0,0,0,0,0,0,0,0,0
-213.75,-43.2,132.25,-744.26,-139.57,538.46,0,0,0,0,0,0,0,0,0
-213.75,-43.2,132.25,-744.26,-139.57,538.46,0,0,0,0,0,0,0,0,0
-213.75,-43.2,132.25,-744.26,-139.57,538.46,0,0,0,0,0,0,0,0,0
-315,-41.2,129.5,-957.45,-16.393,0,0,0,0,0,0,0,0,0,0
-315,-41.2,129.5,-957.45,-16.393,0,0,0,0,0,0,0,0,0,0
-315,-41.2,129.5,-957.45,-16.393,0,0,0,0,0,0,0,0,0,0
-315,-41.2,129.5,-957.45,-16.393,0,0,0,0,0,0,0,0,0,0
-315,-41.2,129.5,-957.45,-16.393,0,0,0,0,0,0,0,0,0,0
-315,-41.2,129.5,-957.45,-16.393,0,0,0,0,0,0,0,0,0,0
-315,-41.2,129.5,-957.45,-16.393,0,0,0,0,0,0,0,0,0,0
-315,-41.2,129.5,-957.45,-16.393,0,0,0,0,0,0,0,0,0,0
-315,-41.2,129.5,-957.45,-16.393,0,0,0,0,0,0,0,0,0,0
-315,-41.2,129.5,-957.45,-16.393,0,0,0,0,0,0,0,0,0,0
-299,-32.7,128.5,-233.17,75.286,0,0,0,0,0,0,0,0,0,0
-299,-32.7,128.5,-233.17,75.286,0,0,0,0,0,0,0,0,0,0
-299,-32.7,128.5,-233.17,75.286,0,0,0,0,0,0,0,0,0,0
-299,-32.7,128.5,-233.17,75.286,0,0,0,0,0,0,0,0,0,0
-299,-32.7,128.5,-233.17,75.286,0,0,0,0,0,0,0,0,0,0
-299,-32.7,128.5,-233.17,75.286,0,0,0,0,0,0,0,0,0,0
-299,-32.7,128.5,-233.17,75.286,0,0,0,0,0,0,0,0,0,0
-299,-32.7,128.5,-233.17,75.286,0,0,0,0,0,0,0,0,0,0
-299,-32.7,128.5,-233.17,75.286,0,0,0,0,0,0,0,0,0,0
-299,-32.7,128.5,-233.17,75.286,0,0,0,0,0,0,0,0,0,0
-298,-15.45,128.5,-233.17,75.286,0,0,0,0,0,0,0,0,0,0
-298,-15.45,128.5,-233.17,75.286,0,0,0,0,0,0,0,0,0,0
-298,-15.45,128.5,-233.17,75.286,0,0,0,0,0,0,0,0,0,0
-298,-15.45,128.5,-233.17,75.286,0,0,0,0,0,0,0,0,0,0
-298,-15.45,128.5,-233.17,75.286,0,0,0,0,0,0,0,0,0,0
-298,-15.45,128.5,-233.17,75.286,0,0,0,0,0,0,0,0,0,0
-298,-15.45,128.5,-233.17,75.286,0,0,0,0,0,0,0,0,0,0
-298,-15.45,128.5,-233.17,75.286,0,0,0,0,0,0,0,0,0,0
-298,-15.45,128.5,-233.17,75.286,0,0,0,0,0,0,0,0,0,0
-298,-15.45,128.5,-233.17,75.286,0,0,0,0,0,0,0,0,0,0
-296.75,-2.2,127.5,11.475,151.07,-3.2733,0,0,0,0,0,0,0,0,0
-296.75,-2.2,127.5,11.475,151.07,-3.2733,0,0,0,0,0,0,0,0,0
-296.75,-2.2,127.5,11.475,151.07,-3.2733,0,0,0,0,0,0,0,0,0
-296.75,-2.2,127.5,11.475,151.07,-3.2733,0,0,0,0,0,0,0,0,0
-296.75,-2.2,127.5,11.475,151.07,-3.2733,0,0,0,0,0,0,0,0,0
-296.75,-2.2,127.5,11.475,151.07,-3.2733,0,0,0,0,0,0,0,0,0
-296.75,-2.2,127.5,11.475,151.07,-3.2733,0,0,0,0,0,0,0,0,0
-296.75,-2.2,127.5,11.475,151.07,-3.2733,0,0,0,0,0,0,0,0,0
-296.75,-2.2,127.5,11.475,151.07,-3.2733,0,0,0,0,0,0,0,0,0
-296.75,-2.2,127.5,11.475,151.07,-3.2733,0,0,0,0,0,0,0,0,0
-294.75,26.8,129.75,11.457,201.64,-9.8522,0,0,0,0,0,0,0,0,0
-294.75,26.8,129.75,11.457,201.64,-9.8522,0,0,0,0,0,0,0,0,0
-294.75,26.8,129.75,11.457,201.64,-9.8522,0,0,0,0,0,0,0,0,0
-294.75,26.8,129.75,11.457,201.64,-9.8522,0,0,0,0,0,0,0,0,0
-294.75,26.8,129.75,11.457,201.64,-9.8522,0,0,0,0,0,0,0,0,0
-294.75,26.8,129.75,11.457,201.64,-9.8522,0,0,0,0,0,0,0,0,0
-294.75,26.8,129.75,11.457,201.64,-9.8522,0,0,0,0,0,0,0,0,0
-294.75,26.8,129.75,11.457,201.64,-9.8522,0,0,0,0,0,0,0,0,0
-294.75,26.8,129.75,11.457,201.64,-9.8522,0,0,0,0,0,0,0,0,0
-294.75,26.8,129.75,11.457,201.64,-9.8522,0,0,0,0,0,0,0,0,0
-294.25,66.8,127.25,11.457,201.64,-9.8522,0,0,0,0,0,0,0,0,0
-294.25,66.8,127.25,11.457,201.64,-9.8522,0,0,0,0,0,0,0,0,0
-294.25,66.8,127.25,11.457,201.64,-9.8522,0,0,0,0,0,0,0,0,0
-294.25,66.8,127.25,11.457,201.64,-9.8522,0,0,0,0,0,0,0,0,0
-294.25,66.8,127.25,11.457,201.64,-9.8522,0,0,0,0,0,0,0,0,0
-294.25,66.8,127.25,11.457,201.64,-9.8522,0,0,0,0,0,0,0,0,0
-294.25,66.8,127.25,11.457,201.64,-9.8522,0,0,0,0,0,0,0,0,0
-294.25,66.8,127.25,11.457,201.64,-9.8522,0,0,0,0,0,0,0,0,0
-294.25,66.8,127.25,11.457,201.64,-9.8522,0,0,0,0,0,0,0,0,0
-294.25,66.8,127.25,11.457,201.64,-9.8522,0,0,0,0,0,0,0,0,0
-292.5,118.05,129,4.9261,379.71,-16.393,0,0,0,0,0,0,0,0,0
-292.5,118.05,129,4.9261,379.71,-16.393,0,0,0,0,0,0,0,0,0
-292.5,118.05,129,4.9261,379.71,-16.393,0,0,0,0,0,0,0,0,0
-292.5,118.05,129,4.9261,379.71,-16.393,0,0,0,0,0,0,0,0,0
-292.5,118.05,129,4.9261,379.71,-16.393,0,0,0,0,0,0,0,0,0
-292.5,118.05,129,4.9261,379.71,-16.393,0,0,0,0,0,0,0,0,0
-292.5,118.05,129,4.9261,379.71,-16.393,0,0,0,0,0,0,0,0,0
-292.5,118.05,129,4.9261,379.71,-16.393,0,0,0,0,0,0,0,0,0
-292.5,118.05,129,4.9261,379.71,-16.393,0,0,0,0,0,0,0,0,0
-292.5,118.05,129,4.9261,379.71,-16.393,0,0,0,0,0,0,0,0,0
-291.25,167.8,127.25,13.115,466.34,22.951,0,0,0,0,0,0,0,0,0
-291.25,167.8,127.25,13.115,466.34,22.951,0,0,0,0,0,0,0,0,0
-291.25,167.8,127.25,13.115,466.34,22.951,0,0,0,0,0,0,0,0,0
-291.25,167.8,127.25,13.115,466.34,22.951,0,0,0,0,0,0,0,0,0
-291.25,167.8,127.25,13.115,466.34,22.951,0,0,0,0,0,0,0,0,0
-291.25,167.8,127.25,13.115,466.34,22.951,0,0,0,0,0,0,0,0,0
-291.25,167.8,127.25,13.115,466.34,22.951,0,0,0,0,0,0,0,0,0
-291.25,167.8,127.25,13.115,466.34,22.951,0,0,0,0,0,0,0,0,0
-291.25,167.8,127.25,13.115,466.34,22.951,0,0,0,0,0,0,0,0,0
-291.25,167.8,127.25,13.115,466.34,22.951,0,0,0,0,0,0,0,0,0
-290.5,222.05,127,8.1967,466.34,22.951,0,0,0,0,0,0,0,0,0
-290.5,222.05,127,8.1967,466.34,22.951,0,0,0,0,0,0,0,0,0
-290.5,222.05,127,8.1967,466.34,22.951,0,0,0,0,0,0,0,0,0
-290.5,222.05,127,8.1967,466.34,22.951,0,0,0,0,0,0,0,0,0
-290.5,222.05,127,8.1967,466.34,22.951,0,0,0,0,0,0,0,0,0
-290.5,222.05,127,8.1967,466.34,22.951,0,0,0,0,0,0,0,0,0
-290.5,222.05,127,8.1967,466.34,22.951,0,0,0,0,0,0,0,0,0
-290.5,222.05,127,8.1967,466.34,22.951,0,0,0,0,0,0,0,0,0
-290.5,222.05,127,8.1967,466.34,22.951,0,0,0,0,0,0,0,0,0
-290.5,222.05,127,8.1967,466.34,22.951,0,0,0,0,0,0,0,0,0
-289,279.3,124,8.1967,493.44,-24.55,0,0,0,0,0,0,0,0,0
-289,279.3,124,8.1967,493.44,-24.55,0,0,0,0,0,0,0,0,0
-289,279.3,124,8.1967,493.44,-24.55,0,0,0,0,0,0,0,0,0
-289,279.3,124,8.1967,493.44,-24.55,0,0,0,0,0,0,0,0,0
-289,279.3,124,8.1967,493.44,-24.55,0,0,0,0,0,0,0,0,0
-289,279.3,124,8.1967,493.44,-24.55,0,0,0,0,0,0,0,0,0
-289,279.3,124,8.1967,493.44,-24.55,0,0,0,0,0,0,0,0,0
-289,279.3,124,8.1967,493.44,-24.55,0,0,0,0,0,0,0,0,0
-289,279.3,124,8.1967,493.44,-24.55,0,0,0,0,0,0,0,0,0
-289,279.3,124,8.1967,493.44,-24.55,0,0,0,0,0,0,0,0,0
-288.25,337.05,123,14.754,536.07,-13.136,0,0,0,0,0,0,0,0,0
-288.25,337.05,123,14.754,536.07,-13.136,0,0,0,0,0,0,0,0,0
-288.25,337.05,123,14.754,536.07,-13.136,0,0,0,0,0,0,0,0,0
-288.25,337.05,123,14.754,536.07,-13.136,0,0,0,0,0,0,0,0,0
-288.25,337.05,123,14.754,536.07,-13.136,0,0,0,0,0,0,0,0,0
-288.25,337.05,123,14.754,536.07,-13.136,0,0,0,0,0,0,0,0,0
-288.25,337.05,123,14.754,536.07,-13.136,0,0,0,0,0,0,0,0,0
-288.25,337.05,123,14.754,536.07,-13.136,0,0,0,0,0,0,0,0,0
-288.25,337.05,123,14.754,536.07,-13.136,0,0,0,0,0,0,0,0,0
-288.25,337.05,123,14.754,536.07,-13.136,0,0,0,0,0,0,0,0,0
-286.5,399.8,119.25,0,543.37,-21.311,0,0,0,0,0,0,0,0,0
-286.5,399.8,119.25,0,543.37,-21.311,0,0,0,0,0,0,0,0,0
-286.5,399.8,119.25,0,543.37,-21.311,0,0,0,0,0,0,0,0,0
-286.5,399.8,119.25,0,543.37,-21.311,0,0,0,0,0,0,0,0,0
-286.5,399.8,119.25,0,543.37,-21.311,0,0,0,0,0,0,0,0,0
-286.5,399.8,119.25,0,543.37,-21.311,0,0,0,0,0,0,0,0,0
-286.5,399.8,119.25,0,543.37,-21.311,0,0,0,0,0,0,0,0,0
-286.5,399.8,119.25,0,543.37,-21.311,0,0,0,0,0,0,0,0,0
-286.5,399.8,119.25,0,543.37,-21.311,0,0,0,0,0,0,0,0,0
-286.5,399.8,119.25,0,543.37,-21.311,0,0,0,0,0,0,0,0,0
-287.25,443.3,122.25,0,543.37,-21.311,0,0,0,0,0,0,0,0,0
-287.25,443.3,122.25,0,543.37,-21.311,0,0,0,0,0,0,0,0,0
-287.25,443.3,122.25,0,543.37,-21.311,0,0,0,0,0,0,0,0,0
-287.25,443.3,122.25,0,543.37,-21.311,0,0,0,0,0,0,0,0,0
-287.25,443.3,122.25,0,543.37,-21.311,0,0,0,0,0,0,0,0,0
-287.25,443.3,122.25,0,543.37,-21.311,0,0,0,0,0,0,0,0,0
-287.25,443.3,122.25,0,543.37,-21.311,0,0,0,0,0,0,0,0,0
-287.25,443.3,122.25,0,543.37,-21.311,0,0,0,0,0,0,0,0,0
-287.25,443.3,122.25,0,543.37,-21.311,0,0,0,0,0,0,0,0,0
-287.25,443.3,122.25,0,543.37,-21.311,0,0,0,0,0,0,0,0,0
-287.25,443.3,122.25,0,543.37,-21.311,0,0,0,0,0,0,0,0,0
-287.25,443.3,122.25,0,543.37,-21.311,0,0,0,0,0,0,0,0,0
-287.25,443.3,122.25,0,543.37,-21.311,0,0,0,0,0,0,0,0,0
-287.25,443.3,122.25,0,543.37,-21.311,0,0,0,0,0,0,0,0,0
-287.25,443.3,122.25,0,543.37,-21.311,0,0,0,0,0,0,0,0,0
-287.25,443.3,122.25,0,543.37,-21.311,0,0,0,0,0,0,0,0,0
-287.25,443.3,122.25,0,543.37,-21.311,0,0,0,0,0,0,0,0,0
-287.25,443.3,122.25,0,543.37,-21.311,0,0,0,0,0,0,0,0,0
-287.25,443.3,122.25,0,543.37,-21.311,0,0,0,0,0,0,0,0,0
-287.25,443.3,122.25,0,543.37,-21.311,0,0,0,0,0,0,0,0,0
-287.25,443.3,122.25,0,543.37,-21.311,0,0,0,0,0,0,0,0,0
-287.25,443.3,122.25,0,543.37,-21.311,0,0,0,0,0,0,0,0,0
-287.25,443.3,122.25,0,543.37,-21.311,0,0,0,0,0,0,0,0,0
-287.25,443.3,122.25,0,543.37,-21.311,0,0,0,0,0,0,0,0,0
-287.25,443.3,122.25,0,543.37,-21.311,0,0,0,0,0,0,0,0,0
-287.25,443.3,122.25,0,543.37,-21.311,0,0,0,0,0,0,0,0,0
-287.25,443.3,122.25,0,543.37,-21.311,0,0,0,0,0,0,0,0,0
-287.25,443.3,122.25,0,543.37,-21.311,0,0,0,0,0,0,0,0,0
-287.25,443.3,122.25,0,543.37,-21.311,0,0,0,0,0,0,0,0,0
-287.25,443.3,122.25,0,543.37,-21.311,0,0,0,0,0,0,0,0,0
-287.25,443.3,122.25,0,543.37,-21.311,0,0,0,0,0,0,0,0,0
-284.25,432.8,123.25,3.2841,-57.377,-19.704,0,0,0,0,0,0,0,0,0
-284.25,432.8,123.25,3.2841,-57.377,-19.704,0,0,0,0,0,0,0,0,0
-284.25,432.8,123.25,3.2841,-57.377,-19.704,0,0,0,0,0,0,0,0,0
-284.25,432.8,123.25,3.2841,-57.377,-19.704,0,0,0,0,0,0,0,0,0
-284.25,432.8,123.25,3.2841,-57.377,-19.704,0,0,0,0,0,0,0,0,0
-284.25,432.8,123.25,3.2841,-57.377,-19.704,0,0,0,0,0,0,0,0,0
-284.25,432.8,123.25,3.2841,-57.377,-19.704,0,0,0,0,0,0,0,0,0
-284.25,432.8,123.25,3.2841,-57.377,-19.704,0,0,0,0,0,0,0,0,0
-284.25,432.8,123.25,3.2841,-57.377,-19.704,0,0,0,0,0,0,0,0,0
-284.25,432.8,123.25,3.2841,-57.377,-19.704,0,0,0,0,0,0,0,0,0
-284.5,428.8,122.5,3.2841,-18.003,8.1967,0,0,0,0,0,0,0,0,0
-284.5,428.8,122.5,3.2841,-18.003,8.1967,0,0,0,0,0,0,0,0,0
-284.5,428.8,122.5,3.2841,-18.003,8.1967,0,0,0,0,0,0,0,0,0
-284.5,428.8,122.5,3.2841,-18.003,8.1967,0,0,0,0,0,0,0,0,0
-284.5,428.8,122.5,3.2841,-18.003,8.1967,0,0,0,0,0,0,0,0,0
-284.5,428.8,122.5,3.2841,-18.003,8.1967,0,0,0,0,0,0,0,0,0
-284.5,428.8,122.5,3.2841,-18.003,8.1967,0,0,0,0,0,0,0,0,0
-284.5,428.8,122.5,3.2841,-18.003,8.1967,0,0,0,0,0,0,0,0,0
-284.5,428.8,122.5,3.2841,-18.003,8.1967,0,0,0,0,0,0,0,0,0
-284.5,428.8,122.5,3.2841,-18.003,8.1967,0,0,0,0,0,0,0,0,0
-285.5,430.55,120,-6.5574,-4.9261,8.1833,0,0,0,0,0,0,0,0,0
-285.5,430.55,120,-6.5574,-4.9261,8.1833,0,0,0,0,0,0,0,0,0
-285.5,430.55,120,-6.5574,-4.9261,8.1833,0,0,0,0,0,0,0,0,0
-285.5,430.55,120,-6.5574,-4.9261,8.1833,0,0,0,0,0,0,0,0,0
-285.5,430.55,120,-6.5574,-4.9261,8.1833,0,0,0,0,0,0,0,0,0
-285.5,430.55,120,-6.5574,-4.9261,8.1833,0,0,0,0,0,0,0,0,0
-285.5,430.55,120,-6.5574,-4.9261,8.1833,0,0,0,0,0,0,0,0,0
-285.5,430.55,120,-6.5574,-4.9261,8.1833,0,0,0,0,0,0,0,0,0
-285.5,430.55,120,-6.5574,-4.9261,8.1833,0,0,0,0,0,0,0,0,0
-285.5,430.55,120,-6.5574,-4.9261,8.1833,0,0,0,0,0,0,0,0,0
-286,431.3,123.25,1.6367,-8.1967,8.1833,0,0,0,0,0,0,0,0,0
-286,431.3,123.25,1.6367,-8.1967,8.1833,0,0,0,0,0,0,0,0,0
-286,431.3,123.25,1.6367,-8.1967,8.1833,0,0,0,0,0,0,0,0,0
-286,431.3,123.25,1.6367,-8.1967,8.1833,0,0,0,0,0,0,0,0,0
-286,431.3,123.25,1.6367,-8.1967,8.1833,0,0,0,0,0,0,0,0,0
-286,431.3,123.25,1.6367,-8.1967,8.1833,0,0,0,0,0,0,0,0,0
-286,431.3,123.25,1.6367,-8.1967,8.1833,0,0,0,0,0,0,0,0,0
-286,431.3,123.25,1.6367,-8.1967,8.1833,0,0,0,0,0,0,0,0,0
-286,431.3,123.25,1.6367,-8.1967,8.1833,0,0,0,0,0,0,0,0,0
-286,431.3,123.25,1.6367,-8.1967,8.1833,0,0,0,0,0,0,0,0,0
-284.75,430.8,123.75,1.6367,-8.1967,0,0,0,0,0,0,0,0,0,0
-284.75,430.8,123.75,1.6367,-8.1967,0,0,0,0,0,0,0,0,0,0
-284.75,430.8,123.75,1.6367,-8.1967,0,0,0,0,0,0,0,0,0,0
-284.75,430.8,123.75,1.6367,-8.1967,0,0,0,0,0,0,0,0,0,0
-284.75,430.8,123.75,1.6367,-8.1967,0,0,0,0,0,0,0,0,0,0
-284.75,430.8,123.75,1.6367,-8.1967,0,0,0,0,0,0,0,0,0,0
-284.75,430.8,123.75,1.6367,-8.1967,0,0,0,0,0,0,0,0,0,0
-284.75,430.8,123.75,1.6367,-8.1967,0,0,0,0,0,0,0,0,0,0
-284.75,430.8,123.75,1.6367,-8.1967,0,0,0,0,0,0,0,0,0,0
-284.75,430.8,123.75,1.6367,-8.1967,0,0,0,0,0,0,0,0,0,0
-285.25,430.8,122,-1.642,14.754,-14.778,0,0,0,0,0,0,0,0,0
-285.25,430.8,122,-1.642,14.754,-14.778,0,0,0,0,0,0,0,0,0
-285.25,430.8,122,-1.642,14.754,-14.778,0,0,0,0,0,0,0,0,0
-285.25,430.8,122,-1.642,14.754,-14.778,0,0,0,0,0,0,0,0,0
-285.25,430.8,122,-1.642,14.754,-14.778,0,0,0,0,0,0,0,0,0
-285.25,430.8,122,-1.642,14.754,-14.778,0,0,0,0,0,0,0,0,0
-285.25,430.8,122,-1.642,14.754,-14.778,0,0,0,0,0,0,0,0,0
-285.25,430.8,122,-1.642,14.754,-14.778,0,0,0,0,0,0,0,0,0
-285.25,430.8,122,-1.642,14.754,-14.778,0,0,0,0,0,0,0,0,0
-285.25,430.8,122,-1.642,14.754,-14.778,0,0,0,0,0,0,0,0,0
-286,430.3,123.5,8.1967,-6.5574,8.1967,0,0,0,0,0,0,0,0,0
-286,430.3,123.5,8.1967,-6.5574,8.1967,0,0,0,0,0,0,0,0,0
-286,430.3,123.5,8.1967,-6.5574,8.1967,0,0,0,0,0,0,0,0,0
-286,430.3,123.5,8.1967,-6.5574,8.1967,0,0,0,0,0,0,0,0,0
-286,430.3,123.5,8.1967,-6.5574,8.1967,0,0,0,0,0,0,0,0,0
-286,430.3,123.5,8.1967,-6.5574,8.1967,0,0,0,0,0,0,0,0,0
-286,430.3,123.5,8.1967,-6.5574,8.1967,0,0,0,0,0,0,0,0,0
-286,430.3,123.5,8.1967,-6.5574,8.1967,0,0,0,0,0,0,0,0,0
-286,430.3,123.5,8.1967,-6.5574,8.1967,0,0,0,0,0,0,0,0,0
-286,430.3,123.5,8.1967,-6.5574,8.1967,0,0,0,0,0,0,0,0,0
-286,430.3,123.5,8.1967,-6.5574,8.1967,0,0,0,0,0,0,0,0,0
-285.5,430.05,120.25,-4.918,-6.5574,8.1967,0,0,0,0,0,0,0,0,0
-285.5,430.05,120.25,-4.918,-6.5574,8.1967,0,0,0,0,0,0,0,0,0
-285.5,430.05,120.25,-4.918,-6.5574,8.1967,0,0,0,0,0,0,0,0,0
-285.5,430.05,120.25,-4.918,-6.5574,8.1967,0,0,0,0,0,0,0,0,0
-285.5,430.05,120.25,-4.918,-6.5574,8.1967,0,0,0,0,0,0,0,0,0
-285.5,430.05,120.25,-4.918,-6.5574,8.1967,0,0,0,0,0,0,0,0,0
-285.5,430.05,120.25,-4.918,-6.5574,8.1967,0,0,0,0,0,0,0,0,0
-285.5,430.05,120.25,-4.918,-6.5574,8.1967,0,0,0,0,0,0,0,0,0
-285.5,430.05,120.25,-4.918,-6.5574,8.1967,0,0,0,0,0,0,0,0,0
-285.5,430.05,120.25,-4.918,-6.5574,8.1967,0,0,0,0,0,0,0,0,0
-285.25,431.8,122.5,-4.918,-4.918,-4.91,0,0,0,0,0,0,0,0,0
-285.25,431.8,122.5,-4.918,-4.918,-4.91,0,0,0,0,0,0,0,0,0
-285.25,431.8,122.5,-4.918,-4.918,-4.91,0,0,0,0,0,0,0,0,0
-285.25,431.8,122.5,-4.918,-4.918,-4.91,0,0,0,0,0,0,0,0,0
-285.25,431.8,122.5,-4.918,-4.918,-4.91,0,0,0,0,0,0,0,0,0
-285.25,431.8,122.5,-4.918,-4.918,-4.91,0,0,0,0,0,0,0,0,0
-285.25,431.8,122.5,-4.918,-4.918,-4.91,0,0,0,0,0,0,0,0,0
-285.25,431.8,122.5,-4.918,-4.918,-4.91,0,0,0,0,0,0,0,0,0
-285.25,431.8,122.5,-4.918,-4.918,-4.91,0,0,0,0,0,0,0,0,0
-285.25,431.8,122.5,-4.918,-4.918,-4.91,0,0,0,0,0,0,0,0,0
-286,430.05,122.5,3.2787,-4.918,1.642,0,0,0,0,0,0,0,0,0
-286,430.05,122.5,3.2787,-4.918,1.642,0,0,0,0,0,0,0,0,0
-286,430.05,122.5,3.2787,-4.918,1.642,0,0,0,0,0,0,0,0,0
-286,430.05,122.5,3.2787,-4.918,1.642,0,0,0,0,0,0,0,0,0
-286,430.05,122.5,3.2787,-4.918,1.642,0,0,0,0,0,0,0,0,0
-286,430.05,122.5,3.2787,-4.918,1.642,0,0,0,0,0,0,0,0,0
-286,430.05,122.5,3.2787,-4.918,1.642,0,0,0,0,0,0,0,0,0
-286,430.05,122.5,3.2787,-4.918,1.642,0,0,0,0,0,0,0,0,0
-286,430.05,122.5,3.2787,-4.918,1.642,0,0,0,0,0,0,0,0,0
-286,430.05,122.5,3.2787,-4.918,1.642,0,0,0,0,0,0,0,0,0
-284.5,429.8,120.75,0,1.6367,1.642,0,0,0,0,0,0,0,0,0
-284.5,429.8,120.75,0,1.6367,1.642,0,0,0,0,0,0,0,0,0
-284.5,429.8,120.75,0,1.6367,1.642,0,0,0,0,0,0,0,0,0
-284.5,429.8,120.75,0,1.6367,1.642,0,0,0,0,0,0,0,0,0
-284.5,429.8,120.75,0,1.6367,1.642,0,0,0,0,0,0,0,0,0
-284.5,429.8,120.75,0,1.6367,1.642,0,0,0,0,0,0,0,0,0
-284.5,429.8,120.75,0,1.6367,1.642,0,0,0,0,0,0,0,0,0
-284.5,429.8,120.75,0,1.6367,1.642,0,0,0,0,0,0,0,0,0
-284.5,429.8,120.75,0,1.6367,1.642,0,0,0,0,0,0,0,0,0
-284.5,429.8,120.75,0,1.6367,1.642,0,0,0,0,0,0,0,0,0
-287,430.55,123.75,0,1.6367,8.1967,0,0,0,0,0,0,0,0,0
-287,430.55,123.75,0,1.6367,8.1967,0,0,0,0,0,0,0,0,0
-287,430.55,123.75,0,1.6367,8.1967,0,0,0,0,0,0,0,0,0
-287,430.55,123.75,0,1.6367,8.1967,0,0,0,0,0,0,0,0,0
-287,430.55,123.75,0,1.6367,8.1967,0,0,0,0,0,0,0,0,0
-287,430.55,123.75,0,1.6367,8.1967,0,0,0,0,0,0,0,0,0
-287,430.55,123.75,0,1.6367,8.1967,0,0,0,0,0,0,0,0,0
-287,430.55,123.75,0,1.6367,8.1967,0,0,0,0,0,0,0,0,0
-287,430.55,123.75,0,1.6367,8.1967,0,0,0,0,0,0,0,0,0
-287,430.55,123.75,0,1.6367,8.1967,0,0,0,0,0,0,0,0,0
-287,430.8,122,1.6393,9.8522,9.82,0,0,0,0,0,0,0,0,0
-287,430.8,122,1.6393,9.8522,9.82,0,0,0,0,0,0,0,0,0
-287,430.8,122,1.6393,9.8522,9.82,0,0,0,0,0,0,0,0,0
-287,430.8,122,1.6393,9.8522,9.82,0,0,0,0,0,0,0,0,0
-287,430.8,122,1.6393,9.8522,9.82,0,0,0,0,0,0,0,0,0
-287,430.8,122,1.6393,9.8522,9.82,0,0,0,0,0,0,0,0,0
-287,430.8,122,1.6393,9.8522,9.82,0,0,0,0,0,0,0,0,0
-287,430.8,122,1.6393,9.8522,9.82,0,0,0,0,0,0,0,0,0
-287,430.8,122,1.6393,9.8522,9.82,0,0,0,0,0,0,0,0,0
-287,430.8,122,1.6393,9.8522,9.82,0,0,0,0,0,0,0,0,0
-285.5,431.05,121.75,-9.82,-8.1967,-4.9261,0,0,0,0,0,0,0,0,0
-285.5,431.05,121.75,-9.82,-8.1967,-4.9261,0,0,0,0,0,0,0,0,0
-285.5,431.05,121.75,-9.82,-8.1967,-4.9261,0,0,0,0,0,0,0,0,0
-285.5,431.05,121.75,-9.82,-8.1967,-4.9261,0,0,0,0,0,0,0,0,0
-285.5,431.05,121.75,-9.82,-8.1967,-4.9261,0,0,0,0,0,0,0,0,0
-285.5,431.05,121.75,-9.82,-8.1967,-4.9261,0,0,0,0,0,0,0,0,0
-285.5,431.05,121.75,-9.82,-8.1967,-4.9261,0,0,0,0,0,0,0,0,0
-285.5,431.05,121.75,-9.82,-8.1967,-4.9261,0,0,0,0,0,0,0,0,0
-285.5,431.05,121.75,-9.82,-8.1967,-4.9261,0,0,0,0,0,0,0,0,0
-285.5,431.05,121.75,-9.82,-8.1967,-4.9261,0,0,0,0,0,0,0,0,0
-285.5,431.05,121.75,-9.82,-8.1967,-4.9261,0,0,0,0,0,0,0,0,0
-285.5,431.05,121.75,-9.82,-8.1967,-4.9261,0,0,0,0,0,0,0,0,0
-285.5,431.05,121.75,-9.82,-8.1967,-4.9261,0,0,0,0,0,0,0,0,0
-285.5,431.05,121.75,-9.82,-8.1967,-4.9261,0,0,0,0,0,0,0,0,0
-285.5,431.05,121.75,-9.82,-8.1967,-4.9261,0,0,0,0,0,0,0,0,0
-285.5,431.05,121.75,-9.82,-8.1967,-4.9261,0,0,0,0,0,0,0,0,0
-285.5,431.05,121.75,-9.82,-8.1967,-4.9261,0,0,0,0,0,0,0,0,0
-285.5,431.05,121.75,-9.82,-8.1967,-4.9261,0,0,0,0,0,0,0,0,0
-285.5,431.05,121.75,-9.82,-8.1967,-4.9261,0,0,0,0,0,0,0,0,0
-285.5,431.05,121.75,-9.82,-8.1967,-4.9261,0,0,0,0,0,0,0,0,0
-285.5,431.05,121.75,-9.82,-8.1967,-4.9261,0,0,0,0,0,0,0,0,0
-285.5,431.05,121.75,-9.82,-8.1967,-4.9261,0,0,0,0,0,0,0,0,0
-285.5,431.05,121.75,-9.82,-8.1967,-4.9261,0,0,0,0,0,0,0,0,0
-285.5,431.05,121.75,-9.82,-8.1967,-4.9261,0,0,0,0,0,0,0,0,0
-285.5,431.05,121.75,-9.82,-8.1967,-4.9261,0,0,0,0,0,0,0,0,0
-285.5,431.05,121.75,-9.82,-8.1967,-4.9261,0,0,0,0,0,0,0,0,0
-285.5,431.05,121.75,-9.82,-8.1967,-4.9261,0,0,0,0,0,0,0,0,0
-285.5,431.05,121.75,-9.82,-8.1967,-4.9261,0,0,0,0,0,0,0,0,0
-285.5,431.05,121.75,-9.82,-8.1967,-4.9261,0,0,0,0,0,0,0,0,0
-285.5,431.05,121.75,-9.82,-8.1967,-4.9261,0,0,0,0,0,0,0,0,0
-286.25,429.3,121.75,-9.8361,4.9261,1.6393,0,0,0,0,0,0,0,0,0
-286.25,429.3,121.75,-9.8361,4.9261,1.6393,0,0,0,0,0,0,0,0,0
-286.25,429.3,121.75,-9.8361,4.9261,1.6393,0,0,0,0,0,0,0,0,0
-286.25,429.3,121.75,-9.8361,4.9261,1.6393,0,0,0,0,0,0,0,0,0
-286.25,429.3,121.75,-9.8361,4.9261,1.6393,0,0,0,0,0,0,0,0,0
-286.25,429.3,121.75,-9.8361,4.9261,1.6393,0,0,0,0,0,0,0,0,0
-286.25,429.3,121.75,-9.8361,4.9261,1.6393,0,0,0,0,0,0,0,0,0
-286.25,429.3,121.75,-9.8361,4.9261,1.6393,0,0,0,0,0,0,0,0,0
-286.25,429.3,121.75,-9.8361,4.9261,1.6393,0,0,0,0,0,0,0,0,0
-286.25,429.3,121.75,-9.8361,4.9261,1.6393,0,0,0,0,0,0,0,0,0
-285.75,429.8,121.5,3.2733,-14.754,1.6393,0,0,0,0,0,0,0,0,0
-285.75,429.8,121.5,3.2733,-14.754,1.6393,0,0,0,0,0,0,0,0,0
-285.75,429.8,121.5,3.2733,-14.754,1.6393,0,0,0,0,0,0,0,0,0
-285.75,429.8,121.5,3.2733,-14.754,1.6393,0,0,0,0,0,0,0,0,0
-285.75,429.8,121.5,3.2733,-14.754,1.6393,0,0,0,0,0,0,0,0,0
-285.75,429.8,121.5,3.2733,-14.754,1.6393,0,0,0,0,0,0,0,0,0
-285.75,429.8,121.5,3.2733,-14.754,1.6393,0,0,0,0,0,0,0,0,0
-285.75,429.8,121.5,3.2733,-14.754,1.6393,0,0,0,0,0,0,0,0,0
-285.75,429.8,121.5,3.2733,-14.754,1.6393,0,0,0,0,0,0,0,0,0
-285.75,429.8,121.5,3.2733,-14.754,1.6393,0,0,0,0,0,0,0,0,0
-287,430.3,124,3.2733,-14.754,-1.6367,0,0,0,0,0,0,0,0,0
-287,430.3,124,3.2733,-14.754,-1.6367,0,0,0,0,0,0,0,0,0
-287,430.3,124,3.2733,-14.754,-1.6367,0,0,0,0,0,0,0,0,0
-287,430.3,124,3.2733,-14.754,-1.6367,0,0,0,0,0,0,0,0,0
-287,430.3,124,3.2733,-14.754,-1.6367,0,0,0,0,0,0,0,0,0
-287,430.3,124,3.2733,-14.754,-1.6367,0,0,0,0,0,0,0,0,0
-287,430.3,124,3.2733,-14.754,-1.6367,0,0,0,0,0,0,0,0,0
-287,430.3,124,3.2733,-14.754,-1.6367,0,0,0,0,0,0,0,0,0
-287,430.3,124,3.2733,-14.754,-1.6367,0,0,0,0,0,0,0,0,0
-287,430.3,124,3.2733,-14.754,-1.6367,0,0,0,0,0,0,0,0,0
-285,431.3,124.25,4.9261,0,3.2841,0,0,0,0,0,0,0,0,0
-285,431.3,124.25,4.9261,0,3.2841,0,0,0,0,0,0,0,0,0
-285,431.3,124.25,4.9261,0,3.2841,0,0,0,0,0,0,0,0,0
-285,431.3,124.25,4.9261,0,3.2841,0,0,0,0,0,0,0,0,0
-285,431.3,124.25,4.9261,0,3.2841,0,0,0,0,0,0,0,0,0
-285,431.3,124.25,4.9261,0,3.2841,0,0,0,0,0,0,0,0,0
-285,431.3,124.25,4.9261,0,3.2841,0,0,0,0,0,0,0,0,0
-285,431.3,124.25,4.9261,0,3.2841,0,0,0,0,0,0,0,0,0
-285,431.3,124.25,4.9261,0,3.2841,0,0,0,0,0,0,0,0,0
-285,431.3,124.25,4.9261,0,3.2841,0,0,0,0,0,0,0,0,0
-285.5,430.55,123.25,0,8.1833,-8.1967,0,0,0,0,0,0,0,0,0
-285.5,430.55,123.25,0,8.1833,-8.1967,0,0,0,0,0,0,0,0,0
-285.5,430.55,123.25,0,8.1833,-8.1967,0,0,0,0,0,0,0,0,0
-285.5,430.55,123.25,0,8.1833,-8.1967,0,0,0,0,0,0,0,0,0
-285.5,430.55,123.25,0,8.1833,-8.1967,0,0,0,0,0,0,0,0,0
-285.5,430.55,123.25,0,8.1833,-8.1967,0,0,0,0,0,0,0,0,0
-285.5,430.55,123.25,0,8.1833,-8.1967,0,0,0,0,0,0,0,0,0
-285.5,430.55,123.25,0,8.1833,-8.1967,0,0,0,0,0,0,0,0,0
-285.5,430.55,123.25,0,8.1833,-8.1967,0,0,0,0,0,0,0,0,0
-286.5,429.3,120.75,0,8.1833,-8.1967,0,0,0,0,0,0,0,0,0
-286.5,429.3,120.75,0,8.1833,-8.1967,0,0,0,0,0,0,0,0,0
-286.5,429.3,120.75,0,8.1833,-8.1967,0,0,0,0,0,0,0,0,0
-286.5,429.3,120.75,0,8.1833,-8.1967,0,0,0,0,0,0,0,0,0
-286.5,429.3,120.75,0,8.1833,-8.1967,0,0,0,0,0,0,0,0,0
-286.5,429.3,120.75,0,8.1833,-8.1967,0,0,0,0,0,0,0,0,0
-286.5,429.3,120.75,0,8.1833,-8.1967,0,0,0,0,0,0,0,0,0
-286.5,429.3,120.75,0,8.1833,-8.1967,0,0,0,0,0,0,0,0,0
-286.5,429.3,120.75,0,8.1833,-8.1967,0,0,0,0,0,0,0,0,0
-286.5,429.3,120.75,0,8.1833,-8.1967,0,0,0,0,0,0,0,0,0
-287.25,431.3,123,-4.918,4.9261,-3.2733,0,0,0,0,0,0,0,0,0
-287.25,431.3,123,-4.918,4.9261,-3.2733,0,0,0,0,0,0,0,0,0
-287.25,431.3,123,-4.918,4.9261,-3.2733,0,0,0,0,0,0,0,0,0
-287.25,431.3,123,-4.918,4.9261,-3.2733,0,0,0,0,0,0,0,0,0
-287.25,431.3,123,-4.918,4.9261,-3.2733,0,0,0,0,0,0,0,0,0
-287.25,431.3,123,-4.918,4.9261,-3.2733,0,0,0,0,0,0,0,0,0
-287.25,431.3,123,-4.918,4.9261,-3.2733,0,0,0,0,0,0,0,0,0
-287.25,431.3,123,-4.918,4.9261,-3.2733,0,0,0,0,0,0,0,0,0
-287.25,431.3,123,-4.918,4.9261,-3.2733,0,0,0,0,0,0,0,0,0
-287.25,431.3,123,-4.918,4.9261,-3.2733,0,0,0,0,0,0,0,0,0
-287.25,431.3,123,-4.918,4.9261,-3.2733,0,0,0,0,0,0,0,0,0
-285,429.8,124.25,6.5574,-8.1967,6.5681,0,0,0,0,0,0,0,0,0
-285,429.8,124.25,6.5574,-8.1967,6.5681,0,0,0,0,0,0,0,0,0
-285,429.8,124.25,6.5574,-8.1967,6.5681,0,0,0,0,0,0,0,0,0
-285,429.8,124.25,6.5574,-8.1967,6.5681,0,0,0,0,0,0,0,0,0
-285,429.8,124.25,6.5574,-8.1967,6.5681,0,0,0,0,0,0,0,0,0
-285,429.8,124.25,6.5574,-8.1967,6.5681,0,0,0,0,0,0,0,0,0
-285,429.8,124.25,6.5574,-8.1967,6.5681,0,0,0,0,0,0,0,0,0
-285,429.8,124.25,6.5574,-8.1967,6.5681,0,0,0,0,0,0,0,0,0
-285,429.8,124.25,6.5574,-8.1967,6.5681,0,0,0,0,0,0,0,0,0
-285,429.8,124.25,6.5574,-8.1967,6.5681,0,0,0,0,0,0,0,0,0
-286,430.8,123.75,-3.2787,0,6.5681,0,0,0,0,0,0,0,0,0
-286,430.8,123.75,-3.2787,0,6.5681,0,0,0,0,0,0,0,0,0
-286,430.8,123.75,-3.2787,0,6.5681,0,0,0,0,0,0,0,0,0
-286,430.8,123.75,-3.2787,0,6.5681,0,0,0,0,0,0,0,0,0
-286,430.8,123.75,-3.2787,0,6.5681,0,0,0,0,0,0,0,0,0
-286,430.8,123.75,-3.2787,0,6.5681,0,0,0,0,0,0,0,0,0
-286,430.8,123.75,-3.2787,0,6.5681,0,0,0,0,0,0,0,0,0
-286,430.8,123.75,-3.2787,0,6.5681,0,0,0,0,0,0,0,0,0
-286,430.8,123.75,-3.2787,0,6.5681,0,0,0,0,0,0,0,0,0
-286,430.8,123.75,-3.2787,0,6.5681,0,0,0,0,0,0,0,0,0
-284.25,430.3,123.25,-3.2787,0,4.918,0,0,0,0,0,0,0,0,0
-284.25,430.3,123.25,-3.2787,0,4.918,0,0,0,0,0,0,0,0,0
-284.25,430.3,123.25,-3.2787,0,4.918,0,0,0,0,0,0,0,0,0
-284.25,430.3,123.25,-3.2787,0,4.918,0,0,0,0,0,0,0,0,0
-284.25,430.3,123.25,-3.2787,0,4.918,0,0,0,0,0,0,0,0,0
-284.25,430.3,123.25,-3.2787,0,4.918,0,0,0,0,0,0,0,0,0
-284.25,430.3,123.25,-3.2787,0,4.918,0,0,0,0,0,0,0,0,0
-284.25,430.3,123.25,-3.2787,0,4.918,0,0,0,0,0,0,0,0,0
-284.25,430.3,123.25,-3.2787,0,4.918,0,0,0,0,0,0,0,0,0
-286,429.8,123,-6.5574,-8.2102,0,0,0,0,0,0,0,0,0,0
-286,429.8,123,-6.5574,-8.2102,0,0,0,0,0,0,0,0,0,0
-286,429.8,123,-6.5574,-8.2102,0,0,0,0,0,0,0,0,0,0
-286,429.8,123,-6.5574,-8.2102,0,0,0,0,0,0,0,0,0,0
-286,429.8,123,-6.5574,-8.2102,0,0,0,0,0,0,0,0,0,0
-286,429.8,123,-6.5574,-8.2102,0,0,0,0,0,0,0,0,0,0
-286,429.8,123,-6.5574,-8.2102,0,0,0,0,0,0,0,0,0,0
-286,429.8,123,-6.5574,-8.2102,0,0,0,0,0,0,0,0,0,0
-286,429.8,123,-6.5574,-8.2102,0,0,0,0,0,0,0,0,0,0
-286,429.8,123,-6.5574,-8.2102,0,0,0,0,0,0,0,0,0,0
-286,429.8,123,-6.5574,-8.2102,0,0,0,0,0,0,0,0,0,0
-285.25,431.05,123.5,3.2733,13.115,3.2841,0,0,0,0,0,0,0,0,0
-285.25,431.05,123.5,3.2733,13.115,3.2841,0,0,0,0,0,0,0,0,0
-285.25,431.05,123.5,3.2733,13.115,3.2841,0,0,0,0,0,0,0,0,0
-285.25,431.05,123.5,3.2733,13.115,3.2841,0,0,0,0,0,0,0,0,0
-285.25,431.05,123.5,3.2733,13.115,3.2841,0,0,0,0,0,0,0,0,0
-285.25,431.05,123.5,3.2733,13.115,3.2841,0,0,0,0,0,0,0,0,0
-285.25,431.05,123.5,3.2733,13.115,3.2841,0,0,0,0,0,0,0,0,0
-285.25,431.05,123.5,3.2733,13.115,3.2841,0,0,0,0,0,0,0,0,0
-285.25,431.05,123.5,3.2733,13.115,3.2841,0,0,0,0,0,0,0,0,0
-285.25,431.05,123.5,3.2733,13.115,3.2841,0,0,0,0,0,0,0,0,0
-287,430.05,122.25,3.2733,13.115,3.2841,0,0,0,0,0,0,0,0,0
-287,430.05,122.25,3.2733,13.115,3.2841,0,0,0,0,0,0,0,0,0
-287,430.05,122.25,3.2733,13.115,3.2841,0,0,0,0,0,0,0,0,0
-287,430.05,122.25,3.2733,13.115,3.2841,0,0,0,0,0,0,0,0,0
-287,430.05,122.25,3.2733,13.115,3.2841,0,0,0,0,0,0,0,0,0
-287,430.05,122.25,3.2733,13.115,3.2841,0,0,0,0,0,0,0,0,0
-287,430.05,122.25,3.2733,13.115,3.2841,0,0,0,0,0,0,0,0,0
-287,430.05,122.25,3.2733,13.115,3.2841,0,0,0,0,0,0,0,0,0
-287,430.05,122.25,3.2733,13.115,3.2841,0,0,0,0,0,0,0,0,0
-287,430.05,122.25,3.2733,13.115,3.2841,0,0,0,0,0,0,0,0,0
-286.25,430.55,123.5,4.9261,-4.91,3.2787,0,0,0,0,0,0,0,0,0
-286.25,430.55,123.5,4.9261,-4.91,3.2787,0,0,0,0,0,0,0,0,0
-286.25,430.55,123.5,4.9261,-4.91,3.2787,0,0,0,0,0,0,0,0,0
-286.25,430.55,123.5,4.9261,-4.91,3.2787,0,0,0,0,0,0,0,0,0
-286.25,430.55,123.5,4.9261,-4.91,3.2787,0,0,0,0,0,0,0,0,0
-286.25,430.55,123.5,4.9261,-4.91,3.2787,0,0,0,0,0,0,0,0,0
-286.25,430.55,123.5,4.9261,-4.91,3.2787,0,0,0,0,0,0,0,0,0
-286.25,430.55,123.5,4.9261,-4.91,3.2787,0,0,0,0,0,0,0,0,0
-286.25,430.55,123.5,4.9261,-4.91,3.2787,0,0,0,0,0,0,0,0,0
-286.25,430.55,123.5,4.9261,-4.91,3.2787,0,0,0,0,0,0,0,0,0
-285.75,430.55,123,3.2787,0,-9.8361,0,0,0,0,0,0,0,0,0
-285.75,430.55,123,3.2787,0,-9.8361,0,0,0,0,0,0,0,0,0
-285.75,430.55,123,3.2787,0,-9.8361,0,0,0,0,0,0,0,0,0
-285.75,430.55,123,3.2787,0,-9.8361,0,0,0,0,0,0,0,0,0
-285.75,430.55,123,3.2787,0,-9.8361,0,0,0,0,0,0,0,0,0
-285.75,430.55,123,3.2787,0,-9.8361,0,0,0,0,0,0,0,0,0
-285.75,430.55,123,3.2787,0,-9.8361,0,0,0,0,0,0,0,0,0
-285.75,430.55,123,3.2787,0,-9.8361,0,0,0,0,0,0,0,0,0
-285.75,430.55,123,3.2787,0,-9.8361,0,0,0,0,0,0,0,0,0
-285.75,430.55,123,3.2787,0,-9.8361,0,0,0,0,0,0,0,0,0
-285.75,430.55,123,3.2787,0,-9.8361,0,0,0,0,0,0,0,0,0
-285.75,430.55,123,3.2787,0,-9.8361,0,0,0,0,0,0,0,0,0
-285.75,430.55,123,3.2787,0,-9.8361,0,0,0,0,0,0,0,0,0
-285.75,430.55,123,3.2787,0,-9.8361,0,0,0,0,0,0,0,0,0
-285.75,430.55,123,3.2787,0,-9.8361,0,0,0,0,0,0,0,0,0
-285.75,430.55,123,3.2787,0,-9.8361,0,0,0,0,0,0,0,0,0
-285.75,430.55,123,3.2787,0,-9.8361,0,0,0,0,0,0,0,0,0
-285.75,430.55,123,3.2787,0,-9.8361,0,0,0,0,0,0,0,0,0
-285.75,430.55,123,3.2787,0,-9.8361,0,0,0,0,0,0,0,0,0
-285.75,430.55,123,3.2787,0,-9.8361,0,0,0,0,0,0,0,0,0
-285.75,430.55,123,3.2787,0,-9.8361,0,0,0,0,0,0,0,0,0
-285.75,430.55,123,3.2787,0,-9.8361,0,0,0,0,0,0,0,0,0
-285.75,430.55,123,3.2787,0,-9.8361,0,0,0,0,0,0,0,0,0
-285.75,430.55,123,3.2787,0,-9.8361,0,0,0,0,0,0,0,0,0
-285.75,430.55,123,3.2787,0,-9.8361,0,0,0,0,0,0,0,0,0
-285.75,430.55,123,3.2787,0,-9.8361,0,0,0,0,0,0,0,0,0
-285.75,430.55,123,3.2787,0,-9.8361,0,0,0,0,0,0,0,0,0
-285.75,430.55,123,3.2787,0,-9.8361,0,0,0,0,0,0,0,0,0
-285.75,430.55,123,3.2787,0,-9.8361,0,0,0,0,0,0,0,0,0
-285.75,430.55,123,3.2787,0,-9.8361,0,0,0,0,0,0,0,0,0
-284.25,430.05,120.5,4.918,-1.6393,-6.5681,0,0,0,0,0,0,0,0,0
-284.25,430.05,120.5,4.918,-1.6393,-6.5681,0,0,0,0,0,0,0,0,0
-284.25,430.05,120.5,4.918,-1.6393,-6.5681,0,0,0,0,0,0,0,0,0
-284.25,430.05,120.5,4.918,-1.6393,-6.5681,0,0,0,0,0,0,0,0,0
-284.25,430.05,120.5,4.918,-1.6393,-6.5681,0,0,0,0,0,0,0,0,0
-284.25,430.05,120.5,4.918,-1.6393,-6.5681,0,0,0,0,0,0,0,0,0
-284.25,430.05,120.5,4.918,-1.6393,-6.5681,0,0,0,0,0,0,0,0,0
-284.25,430.05,120.5,4.918,-1.6393,-6.5681,0,0,0,0,0,0,0,0,0
-284.25,430.05,120.5,4.918,-1.6393,-6.5681,0,0,0,0,0,0,0,0,0
-284.25,430.05,120.5,4.918,-1.6393,-6.5681,0,0,0,0,0,0,0,0,0
-286,431.3,122.75,-1.6393,-1.6367,-6.5681,0,0,0,0,0,0,0,0,0
-286,431.3,122.75,-1.6393,-1.6367,-6.5681,0,0,0,0,0,0,0,0,0
-286,431.3,122.75,-1.6393,-1.6367,-6.5681,0,0,0,0,0,0,0,0,0
-286,431.3,122.75,-1.6393,-1.6367,-6.5681,0,0,0,0,0,0,0,0,0
-286,431.3,122.75,-1.6393,-1.6367,-6.5681,0,0,0,0,0,0,0,0,0
-286,431.3,122.75,-1.6393,-1.6367,-6.5681,0,0,0,0,0,0,0,0,0
-286,431.3,122.75,-1.6393,-1.6367,-6.5681,0,0,0,0,0,0,0,0,0
-286,431.3,122.75,-1.6393,-1.6367,-6.5681,0,0,0,0,0,0,0,0,0
-286,431.3,122.75,-1.6393,-1.6367,-6.5681,0,0,0,0,0,0,0,0,0
-286,431.3,122.75,-1.6393,-1.6367,-6.5681,0,0,0,0,0,0,0,0,0
-286,432.05,123.75,-1.6393,-1.6367,8.1967,0,0,0,0,0,0,0,0,0
-286,432.05,123.75,-1.6393,-1.6367,8.1967,0,0,0,0,0,0,0,0,0
-286,432.05,123.75,-1.6393,-1.6367,8.1967,0,0,0,0,0,0,0,0,0
-286,432.05,123.75,-1.6393,-1.6367,8.1967,0,0,0,0,0,0,0,0,0
-286,432.05,123.75,-1.6393,-1.6367,8.1967,0,0,0,0,0,0,0,0,0
-286,432.05,123.75,-1.6393,-1.6367,8.1967,0,0,0,0,0,0,0,0,0
-286,432.05,123.75,-1.6393,-1.6367,8.1967,0,0,0,0,0,0,0,0,0
-286,432.05,123.75,-1.6393,-1.6367,8.1967,0,0,0,0,0,0,0,0,0
-286,432.05,123.75,-1.6393,-1.6367,8.1967,0,0,0,0,0,0,0,0,0
-286,432.05,123.75,-1.6393,-1.6367,8.1967,0,0,0,0,0,0,0,0,0
-286,431.3,121.75,-1.6393,-3.2841,0,0,0,0,0,0,0,0,0,0
-286,431.3,121.75,-1.6393,-3.2841,0,0,0,0,0,0,0,0,0,0
-286,431.3,121.75,-1.6393,-3.2841,0,0,0,0,0,0,0,0,0,0
-286,431.3,121.75,-1.6393,-3.2841,0,0,0,0,0,0,0,0,0,0
-286,431.3,121.75,-1.6393,-3.2841,0,0,0,0,0,0,0,0,0,0
-286,431.3,121.75,-1.6393,-3.2841,0,0,0,0,0,0,0,0,0,0
-286,431.3,121.75,-1.6393,-3.2841,0,0,0,0,0,0,0,0,0,0
-286,431.3,121.75,-1.6393,-3.2841,0,0,0,0,0,0,0,0,0,0
-286,431.3,121.75,-1.6393,-3.2841,0,0,0,0,0,0,0,0,0,0
-285.75,430.05,120.25,-3.2733,0,-14.778,0,0,0,0,0,0,0,0,0
-285.75,430.05,120.25,-3.2733,0,-14.778,0,0,0,0,0,0,0,0,0
-285.75,430.05,120.25,-3.2733,0,-14.778,0,0,0,0,0,0,0,0,0
-285.75,430.05,120.25,-3.2733,0,-14.778,0,0,0,0,0,0,0,0,0
-285.75,430.05,120.25,-3.2733,0,-14.778,0,0,0,0,0,0,0,0,0
-285.75,430.05,120.25,-3.2733,0,-14.778,0,0,0,0,0,0,0,0,0
-285.75,430.05,120.25,-3.2733,0,-14.778,0,0,0,0,0,0,0,0,0
-285.75,430.05,120.25,-3.2733,0,-14.778,0,0,0,0,0,0,0,0,0
-285.75,430.05,120.25,-3.2733,0,-14.778,0,0,0,0,0,0,0,0,0
-286,431.05,122,11.494,0,-14.778,0,0,0,0,0,0,0,0,0
-286,431.05,122,11.494,0,-14.778,0,0,0,0,0,0,0,0,0
-286,431.05,122,11.494,0,-14.778,0,0,0,0,0,0,0,0,0
-286,431.05,122,11.494,0,-14.778,0,0,0,0,0,0,0,0,0
-286,431.05,122,11.494,0,-14.778,0,0,0,0,0,0,0,0,0
-286,431.05,122,11.494,0,-14.778,0,0,0,0,0,0,0,0,0
-286,431.05,122,11.494,0,-14.778,0,0,0,0,0,0,0,0,0
-286,431.05,122,11.494,0,-14.778,0,0,0,0,0,0,0,0,0
-286,431.05,122,11.494,0,-14.778,0,0,0,0,0,0,0,0,0
-286,431.05,122,11.494,0,-14.778,0,0,0,0,0,0,0,0,0
-286,431.05,122,11.494,0,-14.778,0,0,0,0,0,0,0,0,0
-286.25,430.55,122,11.494,4.91,6.5574,0,0,0,0,0,0,0,0,0
-286.25,430.55,122,11.494,4.91,6.5574,0,0,0,0,0,0,0,0,0
-286.25,430.55,122,11.494,4.91,6.5574,0,0,0,0,0,0,0,0,0
-286.25,430.55,122,11.494,4.91,6.5574,0,0,0,0,0,0,0,0,0
-286.25,430.55,122,11.494,4.91,6.5574,0,0,0,0,0,0,0,0,0
-286.25,430.55,122,11.494,4.91,6.5574,0,0,0,0,0,0,0,0,0
-286.25,430.55,122,11.494,4.91,6.5574,0,0,0,0,0,0,0,0,0
-286.25,430.55,122,11.494,4.91,6.5574,0,0,0,0,0,0,0,0,0
-286.25,430.55,122,11.494,4.91,6.5574,0,0,0,0,0,0,0,0,0
-286.75,431.05,123.25,-6.5574,-8.2102,8.1833,0,0,0,0,0,0,0,0,0
-286.75,431.05,123.25,-6.5574,-8.2102,8.1833,0,0,0,0,0,0,0,0,0
-286.75,431.05,123.25,-6.5574,-8.2102,8.1833,0,0,0,0,0,0,0,0,0
-286.75,431.05,123.25,-6.5574,-8.2102,8.1833,0,0,0,0,0,0,0,0,0
-286.75,431.05,123.25,-6.5574,-8.2102,8.1833,0,0,0,0,0,0,0,0,0
-286.75,431.05,123.25,-6.5574,-8.2102,8.1833,0,0,0,0,0,0,0,0,0
-286.75,431.05,123.25,-6.5574,-8.2102,8.1833,0,0,0,0,0,0,0,0,0
-286.75,431.05,123.25,-6.5574,-8.2102,8.1833,0,0,0,0,0,0,0,0,0
-286.75,431.05,123.25,-6.5574,-8.2102,8.1833,0,0,0,0,0,0,0,0,0
-286.75,431.05,123.25,-6.5574,-8.2102,8.1833,0,0,0,0,0,0,0,0,0
-286.75,431.05,123.25,-6.5574,-8.2102,8.1833,0,0,0,0,0,0,0,0,0
-287,431.05,122.25,-6.5466,16.393,8.1833,0,0,0,0,0,0,0,0,0
-287,431.05,122.25,-6.5466,16.393,8.1833,0,0,0,0,0,0,0,0,0
-287,431.05,122.25,-6.5466,16.393,8.1833,0,0,0,0,0,0,0,0,0
-287,431.05,122.25,-6.5466,16.393,8.1833,0,0,0,0,0,0,0,0,0
-287,431.05,122.25,-6.5466,16.393,8.1833,0,0,0,0,0,0,0,0,0
-287,431.05,122.25,-6.5466,16.393,8.1833,0,0,0,0,0,0,0,0,0
-287,431.05,122.25,-6.5466,16.393,8.1833,0,0,0,0,0,0,0,0,0
-287,431.05,122.25,-6.5466,16.393,8.1833,0,0,0,0,0,0,0,0,0
-287,431.05,122.25,-6.5466,16.393,8.1833,0,0,0,0,0,0,0,0,0
-286.75,430.8,119.75,-6.5466,16.393,-14.778,0,0,0,0,0,0,0,0,0
-286.75,430.8,119.75,-6.5466,16.393,-14.778,0,0,0,0,0,0,0,0,0
-286.75,430.8,119.75,-6.5466,16.393,-14.778,0,0,0,0,0,0,0,0,0
-286.75,430.8,119.75,-6.5466,16.393,-14.778,0,0,0,0,0,0,0,0,0
-286.75,430.8,119.75,-6.5466,16.393,-14.778,0,0,0,0,0,0,0,0,0
-286.75,430.8,119.75,-6.5466,16.393,-14.778,0,0,0,0,0,0,0,0,0
-286.75,430.8,119.75,-6.5466,16.393,-14.778,0,0,0,0,0,0,0,0,0
-286.75,430.8,119.75,-6.5466,16.393,-14.778,0,0,0,0,0,0,0,0,0
-286.75,430.8,119.75,-6.5466,16.393,-14.778,0,0,0,0,0,0,0,0,0
-286.75,430.8,119.75,-6.5466,16.393,-14.778,0,0,0,0,0,0,0,0,0
-286,431.55,122.25,6.5681,-3.2787,13.115,0,0,0,0,0,0,0,0,0
-286,431.55,122.25,6.5681,-3.2787,13.115,0,0,0,0,0,0,0,0,0
-286,431.55,122.25,6.5681,-3.2787,13.115,0,0,0,0,0,0,0,0,0
-286,431.55,122.25,6.5681,-3.2787,13.115,0,0,0,0,0,0,0,0,0
-286,431.55,122.25,6.5681,-3.2787,13.115,0,0,0,0,0,0,0,0,0
-286,431.55,122.25,6.5681,-3.2787,13.115,0,0,0,0,0,0,0,0,0
-286,431.55,122.25,6.5681,-3.2787,13.115,0,0,0,0,0,0,0,0,0
-286,431.55,122.25,6.5681,-3.2787,13.115,0,0,0,0,0,0,0,0,0
-286,431.55,122.25,6.5681,-3.2787,13.115,0,0,0,0,0,0,0,0,0
-286,431.55,122.25,6.5681,-3.2787,13.115,0,0,0,0,0,0,0,0,0
-287.5,431.05,123.75,1.6393,-16.393,-13.115,0,0,0,0,0,0,0,0,0
-287.5,431.05,123.75,1.6393,-16.393,-13.115,0,0,0,0,0,0,0,0,0
-287.5,431.05,123.75,1.6393,-16.393,-13.115,0,0,0,0,0,0,0,0,0
-287.5,431.05,123.75,1.6393,-16.393,-13.115,0,0,0,0,0,0,0,0,0
-287.5,431.05,123.75,1.6393,-16.393,-13.115,0,0,0,0,0,0,0,0,0
-287.5,431.05,123.75,1.6393,-16.393,-13.115,0,0,0,0,0,0,0,0,0
-287.5,431.05,123.75,1.6393,-16.393,-13.115,0,0,0,0,0,0,0,0,0
-287.5,431.05,123.75,1.6393,-16.393,-13.115,0,0,0,0,0,0,0,0,0
-287.5,431.05,123.75,1.6393,-16.393,-13.115,0,0,0,0,0,0,0,0,0
-287.5,431.05,123.75,1.6393,-16.393,-13.115,0,0,0,0,0,0,0,0,0
-286.5,430.8,122.25,0,-16.393,-13.115,0,0,0,0,0,0,0,0,0
-286.5,430.8,122.25,0,-16.393,-13.115,0,0,0,0,0,0,0,0,0
-286.5,430.8,122.25,0,-16.393,-13.115,0,0,0,0,0,0,0,0,0
-286.5,430.8,122.25,0,-16.393,-13.115,0,0,0,0,0,0,0,0,0
-286.5,430.8,122.25,0,-16.393,-13.115,0,0,0,0,0,0,0,0,0
-286.5,430.8,122.25,0,-16.393,-13.115,0,0,0,0,0,0,0,0,0
-286.5,430.8,122.25,0,-16.393,-13.115,0,0,0,0,0,0,0,0,0
-286.5,430.8,122.25,0,-16.393,-13.115,0,0,0,0,0,0,0,0,0
-286.5,430.8,122.25,0,-16.393,-13.115,0,0,0,0,0,0,0,0,0
-286.5,430.8,122.25,0,-16.393,-13.115,0,0,0,0,0,0,0,0,0
-285.25,430.8,123.5,0,3.2787,9.82,0,0,0,0,0,0,0,0,0
-285.25,430.8,123.5,0,3.2787,9.82,0,0,0,0,0,0,0,0,0
