13.25,-53.7,150
15.5,-53.2,151
14.25,-53.7,149.5
14.5,-54.45,150
13.75,-54.2,148.25
14,-52.95,150.25
15.25,-52.2,149.75
15.25,-52.2,149.75
15.25,-52.2,151.25
14.25,-54.7,150.25
13.25,-53.2,149
15.25,-51.95,144.75
8.5,-31.2,50.75
3.25,-22.95,-23.5
3.25,-22.95,-23.5
2.5,-18.45,-2.75
4.5,-17.7,-0.75
5,-20.45,-6.25
2.75,-17.2,-4.75
4.5,-17.45,-6.25
2.5,-17.95,-4.5
4.25,-19.45,-1.75
3.25,-16.7,-3
3.25,-16.45,-0.75
1,-14.95,0.75
0,-16.45,-1.25
0.75,-16.45,-0.75
-1,-14.95,3.25
-0.75,-12.95,1.25
-0.75,-14.7,2.25
-0.75,-14.2,1.5
-1.25,-13.45,2.5
-1.25,-13.45,2.5
-4.75,-14.7,3.75
-11.75,-14.45,7.25
-14.25,-10.95,14.5
-13.5,-9.7,16.25
-14.5,-8.2,18
-15.5,-7.45,17
-15.75,-6.2,17.75
-15,-4.2,19.25
-17.5,-4.7,18.25
-26.25,-4.2,22.25
-26.25,-4.2,22.25
-34.5,4.05,34.75
-34.5,4.05,34.75
-36,8.55,39.75
-37.5,8.8,39.75
-39.75,7.55,41.25
-40.75,12.05,40.75
-39.5,9.55,40.75
-44,10.8,39.75
-56.25,16.05,48.25
-56.25,16.05,48.25
-62.75,22.55,57.5
-62.5,23.3,60.25
-63.25,25.3,61.75
-63,24.3,62.5
-63.25,25.3,64.5
-74.5,28.05,72.25
-87.25,32.05,78
-87.25,32.05,78
-88.25,40.05,84.75
-89,42.55,87.25
-89.5,42.3,89
-90.5,42.55,88.25
-89.25,42.8,88.5
-89,43.8,89.5
-95.75,42.3,90.75
-104.5,47.3,97
-107.25,51.05,96.5
-108.5,53.8,102.75
-108.5,53.8,102.75
-108.5,54.05,105
-109.25,53.8,105.75
-108.5,57.05,106.25
-107.75,56.55,108
-109.75,57.05,106.5
-115.5,58.3,111.25
-121.75,62.3,113
-121.75,62.3,113
-121.75,65.05,118
-123,66.05,120
-122.5,68.05,120.5
-122.5,66.3,120.5
-122,65.8,119.25
-125,69.3,121.25
-125,69.3,121.25
-127,69.05,120.25
-129.25,68.05,123
-129,68.8,124.25
-130.5,70.05,127.25
-130.5,70.05,127.25
-129.25,71.05,126.75
-129.25,69.8,127
-131.5,70.05,128.5
-130.75,70.05,127.75
-133.75,70.8,126.5
-131.5,71.05,128.75
-131.5,71.05,128.75
-133.5,70.55,127.5
-133.5,70.55,127.5
-132.75,69.55,126.5
-132.25,70.55,129
-130.5,70.05,129.25
-130.75,71.55,132.5
-132,70.55,135
-130.5,71.05,133.5
-130.75,71.3,132.5
-130.75,71.3,132.5
-131.25,71.05,136
-132,71.05,142.75
-130,70.3,166.75
-129.75,69.55,171.5
-128.5,70.55,176.25
-129.5,70.3,175.5
-126.75,70.3,174.5
-127.5,69.8,175.75
-127.5,69.8,176
-127.5,69.8,176
-127.5,67.8,245.25
-126.25,66.55,272.5
-127,64.3,267.25
-125,64.05,267.5
-123.5,64.05,266.25
-123.5,64.05,266
-122.25,64.55,265
-122.75,58.55,295.5
-122.75,58.55,295.5
-120,53.3,400
-120.5,52.05,396.25
-116.75,52.3,396.75
-115.75,53.55,396.75
-116.5,51.05,395.5
-114.25,51.05,396
-112.5,51.3,397
-111.25,48.8,428
-100,46.3,515.5
-92.25,44.8,546.25
-93.75,43.55,551.75
-92,40.55,552.25
-92,40.55,552.25
-91.75,40.05,552
-91.25,39.8,550.5
-87.25,35.8,593
-74.5,34.3,676.75
-66,32.8,700.75
-67,31.55,709.75
-64.5,31.05,703.5
-65.25,30.55,701.5
-64,31.3,701.75
-63.5,29.3,701.75
