0.1045
0.76796
0.87952
1.007
1.0897
1.2306
1.2898
1.3431
1.3971
1.45
1.5031
1.5568
1.6131
1.6666
1.7192
1.7729
1.8324
1.885
1.9377
1.9905
2.0424
2.1025
2.1557
2.2101
2.2632
2.3153
2.3727
2.4258
2.4781
2.5315
2.5857
2.6388
2.6924
2.7487
2.8051
2.8615
2.9274
2.9817
3.0363
3.0907
3.1444
3.1998
3.2536
3.307
3.3605
3.4136
3.4692
3.5214
3.5741
3.6277
3.681
3.7351
3.7887
3.8423
3.8967
3.9496
4.0087
4.0639
4.1205
4.1784
4.2333
4.2871
4.3435
4.3976
4.4524
4.5108
4.568
4.623
4.6767
4.7312
4.7859
4.8414
4.9009
4.9573
5.0164
5.0718
5.1262
5.1805
5.2347
5.2904
5.3452
5.4003
5.456
5.5144
5.5698
5.6239
5.6792
5.7342
5.7892
5.8443
5.9054
5.9609
6.0208
6.0774
6.1515
6.2075
6.2634
6.3188
6.3737
6.4281
6.4829
6.5453
6.6026
6.6581
6.7321
6.8068
6.8822
6.9371
7.0126
7.0714
7.1373
7.2128
7.2721
7.3293
7.3846
7.4404
7.4955
7.5508
7.6154
7.6725
7.7288
7.7848
7.8406
7.8967
7.9521
8.0078
8.0649
8.129
8.1859
8.2425
8.2997
8.3569
8.4142
8.4709
8.5278
8.5849
8.6463
8.7067
8.7649
8.8973
8.9583
9.0232
9.0812
9.1411
9.1977
9.254
9.3103
9.367
9.4263
9.4833
9.5412
9.6005
9.6598
9.7162
9.7722
9.8288
9.886
9.9433
10.002
10.061
10.117
10.178
10.236
10.294
10.352
10.41
10.469
10.529
10.59
10.651
10.715
10.773
10.841
10.9
10.959
11.017
11.075
11.139
11.2
11.257
11.315
11.392
11.449
11.508
11.565
11.623
11.684
11.742
11.799
11.858
11.917
11.975
12.033
12.091
12.148
12.21
12.27
12.347
12.405
12.482
12.54
12.6
12.658
12.739
12.798
12.856
12.914
12.972
13.031
13.09
13.148
13.207
13.27
13.328
13.387
13.446
13.505
13.564
13.623
13.682
13.741
13.804
13.864
13.923
13.982
14.042
14.101
14.16
14.219
14.279
14.344
14.404
14.465
14.523
14.582
14.643
14.702
14.762
14.821
14.895
14.962
15.025
15.085
15.146
15.207
15.266
15.328
15.395
15.456
15.518
15.58
15.645
15.71
15.771
15.832
15.895
15.956
16.017
16.078
16.138
16.199
16.259
16.322
16.388
16.45
16.514
16.576
16.639
16.702
16.764
16.826
16.892
16.955
17.018
17.08
17.142
17.207
17.269
17.331
17.397
17.459
17.522
17.583
17.646
17.708
17.77
17.833
17.9
17.963
18.027
18.089
18.167
18.228
18.29
18.353
18.429
18.493
18.555
18.617
18.681
18.744
18.807
18.87
18.946
19.008
19.071
19.148
19.212
19.274
19.337
19.401
19.468
19.532
19.595
19.659
19.737
19.802
19.866
19.93
20.007
20.071
20.135
20.201
20.265
20.341
20.407
20.471
20.539
20.608
20.671
20.735
20.8
20.864
20.941
21.023
21.104
21.174
21.244
21.315
21.394
21.462
21.53
21.596
21.661
21.736
21.801
21.867
21.933
22.019
22.084
22.15
22.216
22.281
22.355
22.422
22.488
22.558
22.625
22.691
22.756
22.822
22.887
22.953
23.017
23.085
23.151
23.216
23.282
23.346
23.413
23.478
23.544
23.613
23.68
23.746
23.813
23.879
23.946
24.013
24.08
24.15
24.218
24.285
24.351
24.419
24.486
24.553
24.622
24.693
24.76
24.828
24.895
24.963
25.031
25.098
25.168
25.235
25.303
25.37
25.437
25.505
25.573
25.644
25.712
25.78
25.851
25.919
25.987
26.054
26.126
26.195
26.264
26.333
26.402
26.47
26.538
26.61
26.698
26.776
26.843
26.915
26.987
27.054
27.127
27.195
27.263
27.33
27.398
27.466
27.535
27.607
27.695
27.765
27.835
27.904
27.973
28.043
28.117
28.188
28.265
28.335
28.403
28.472
28.54
28.613
28.682
28.751
28.819
28.888
28.958
29.026
29.098
29.168
29.237
29.306
29.375
29.444
29.513
29.605
29.674
29.743
29.812
29.884
29.96
30.03
30.102
30.172
30.242
30.312
30.381
30.452
30.522
30.596
30.667
30.738
30.809
30.878
30.948
31.018
31.092
31.162
31.234
31.304
31.38
31.45
31.521
31.595
31.669
31.741
31.812
31.884
31.955
32.025
32.099
32.17
32.242
32.313
32.384
32.455
32.527
32.609
32.687
32.767
32.846
32.924
33.002
33.08
33.163
33.24
33.316
33.392
33.469
33.546
33.623
33.705
33.782
33.855
33.928
34
34.073
34.147
34.223
34.297
34.37
34.443
34.515
34.587
34.659
34.734
34.806
34.879
34.952
35.025
35.097
35.17
35.246
35.319
35.393
35.465
35.538
35.611
35.684
35.761
35.834
35.91
35.988
36.062
36.141
36.218
36.297
36.373
36.447
36.522
36.665
36.74
36.817
36.889
36.961
37.035
37.108
37.181
37.254
37.33
37.404
37.477
37.55
37.622
37.695
37.768
37.844
37.922
37.997
38.07
38.143
38.216
38.29
38.369
38.445
38.519
38.594
38.667
38.742
38.883
38.971
39.049
39.123
39.196
39.27
39.343
39.421
39.495
39.568
39.641
39.716
39.791
39.865
39.946
40.021
40.097
40.173
40.249
40.323
40.399
40.477
40.553
40.628
40.702
40.777
40.852
40.926
41.005
41.08
41.154
41.229
41.305
41.38
41.454
41.532
41.607
41.683
41.759
41.834
41.911
41.987
42.067
42.145
42.224
42.298
42.376
42.451
42.53
42.606
42.687
42.766
42.843
42.921
43
43.077
43.155
43.234
43.313
43.39
43.468
43.545
43.621
43.701
43.778
43.854
43.934
44.012
44.088
44.165
44.241
44.317
44.397
44.474
44.551
44.627
44.703
44.78
44.861
44.944
45.026
45.102
45.178
45.254
45.335
45.412
45.488
45.565
45.642
45.72
45.802
45.88
45.958
46.038
46.115
46.194
46.276
46.354
46.433
46.51
46.589
46.667
46.747
46.825
46.903
46.981
47.059
47.137
47.219
47.297
47.375
47.453
47.532
47.61
47.692
47.77
47.848
47.929
48.009
48.087
48.17
48.25
48.329
48.408
48.486
48.566
48.65
48.729
48.809
48.889
48.969
49.05
49.134
49.213
49.292
49.37
49.449
49.527
49.609
49.688
49.765
49.843
49.922
50.003
50.086
50.166
50.246
50.325
50.404
50.482
50.566
50.657
50.738
50.818
50.901
50.98
51.065
51.145
51.225
51.305
51.386
51.467
51.552
51.634
51.716
51.798
51.879
51.961
52.046
52.127
52.209
52.291
52.372
52.454
52.538
52.621
52.702
52.783
52.865
52.945
53.029
53.11
53.19
53.271
53.356
53.438
53.524
53.605
53.686
53.766
53.847
53.938
54.027
54.108
54.189
54.27
54.351
54.432
54.517
54.6
54.681
54.764
54.849
54.932
55.019
55.102
55.184
55.267
55.349
55.433
55.52
55.604
55.687
55.769
55.872
55.955
56.042
56.125
56.22
56.303
56.387
56.47
56.557
56.641
56.725
56.825
56.91
56.999
57.087
57.193
57.277
57.361
57.454
57.54
57.624
57.707
57.79
57.902
57.986
58.077
58.21
58.296
58.439
58.529
58.614
58.699
58.783
58.88
58.965
59.051
59.135
59.218
59.302
59.386
59.47
59.557
59.641
59.725
59.809
59.898
59.984
60.09
60.174
60.258
60.342
60.427
60.51
60.597
60.68
60.764
60.848
60.931
61.016
61.104
61.189
61.273
61.358
61.442
61.528
61.614
61.698
61.782
61.867
61.952
62.045
62.143
62.227
62.31
62.395
62.479
62.565
62.653
62.737
62.821
62.928
63.018
63.109
63.198
63.305
63.402
63.497
63.588
63.674
63.76
63.847
63.933
64.021
64.111
64.198
64.285
64.373
64.461
64.547
64.637
64.724
64.811
64.899
64.986
65.073
65.163
