175,-1.0365e-14,-34.28
169.63,-1.6905,-38.61
169.49,-1.6891,-39.142
170.4,-1.6329,-38.834
170.4,-1.6329,-38.834
169.89,-1.6931,-38.618
169.89,-1.6931,-38.618
169.89,-1.6931,-38.618
169.89,-1.6931,-38.618
169.89,-1.6931,-38.618
169.89,-1.2373,-38.685
169.89,-1.2373,-38.685
169.89,-1.2373,-38.685
170.81,-1.5713,-38.307
170.81,-1.5713,-38.307
170.48,-0.65345,-38.701
170.48,-0.65345,-38.701
169.69,-1.5611,-38.679
169.69,-1.5611,-38.679
169.69,-1.5611,-38.679
169.69,-1.5611,-38.679
169.69,-1.5611,-38.679
143.15,-1.3169,-35.883
143.15,-1.3169,-35.883
143.15,-1.3169,-35.883
104.79,-0.88371,-23.204
104.79,-0.88371,-23.204
105.16,-1.2093,-22.561
105.16,-1.2093,-22.561
106.3,-1.0187,-22.327
106.3,-1.0187,-22.327
106.3,-1.0187,-22.327
106.3,-1.0187,-22.327
106.3,-1.0187,-22.327
106.3,-1.0187,-22.327
106.3,-1.0187,-22.327
106.3,-1.0187,-22.327
106.3,-1.0187,-22.327
111.32,-0.93878,-24.122
111.32,-0.93878,-24.122
111.32,-0.93878,-24.122
111.32,-0.93878,-24.122
111.32,-0.93878,-24.122
111.32,-0.93878,-24.122
111.32,-0.93878,-24.122
111.32,-0.93878,-24.122
111.32,-0.93878,-24.122
111.32,-0.93878,-24.122
121.86,-0.98091,-27.861
121.86,-0.98091,-27.861
121.86,-0.98091,-27.861
122.67,-1.1755,-27.319
122.67,-1.1755,-27.319
122.67,-1.1755,-27.319
122.67,-1.1755,-27.319
122.67,-1.1755,-27.319
122.67,-1.1755,-27.319
122.67,-1.1755,-27.319
122.67,-1.1755,-27.319
122.67,-1.1755,-27.319
139.01,-1.5452,-31.27
139.01,-1.5452,-31.27
139.01,-1.5452,-31.27
139.01,-1.5452,-31.27
139.01,-1.5452,-31.27
139.01,-1.5452,-31.27
139.01,-1.5452,-31.27
139.01,-1.5452,-31.27
139.01,-1.5452,-31.27
139.01,-1.5452,-31.27
159.65,-1.1015,-32.631
159.65,-1.1015,-32.631
160.75,-1.2939,-32.794
160.75,-1.2939,-32.794
160.75,-1.2939,-32.794
160.75,-1.2939,-32.794
160.75,-1.2939,-32.794
175.65,-1.3465,-32.454
175.65,-1.3465,-32.454
182.38,-1.5379,-31.153
182.38,-1.5379,-31.153
182.95,-1.6129,-30.523
182.95,-1.6129,-30.523
183.47,-1.1252,-30.699
183.47,-1.1252,-30.699
183.47,-1.1252,-30.699
183.47,-1.1252,-30.699
183.47,-1.1252,-30.699
195.48,-1.4986,-28.926
195.48,-1.4986,-28.926
204.59,-1.9605,-27.828
204.59,-1.9605,-27.828
204.59,-1.9605,-27.828
206.05,-2.2905,-27.225
206.05,-2.2905,-27.225
207.3,-2.5428,-26.311
207.3,-2.5428,-26.311
207.3,-2.5428,-26.311
207.3,-2.5428,-26.311
217.9,-2.0881,-22.81
217.9,-2.0881,-22.81
225.94,-2.1651,-20.551
225.94,-2.1651,-20.551
226.24,-2.2548,-20.319
226.24,-2.2548,-20.319
226.47,-2.2571,-19.704
226.47,-2.2571,-19.704
226.47,-2.2571,-19.704
226.47,-2.2571,-19.704
226.47,-2.2571,-19.704
235.22,-2.0737,-16.366
241.92,-2.0401,-12.893
241.92,-2.0401,-12.893
242.68,-2.2326,-12.356
242.68,-2.2326,-12.356
242.68,-2.2326,-12.356
242.68,-2.2326,-12.356
242.68,-2.2326,-12.356
247.86,-2.8503,-9.7106
247.86,-2.8503,-9.7106
253.32,-2.816,-5.9448
253.32,-2.816,-5.9448
253.44,-2.623,-6.0185
253.44,-2.623,-6.0185
253.29,-2.2331,-6.4438
253.29,-2.2331,-6.4438
253.29,-2.2331,-6.4438
253.8,-2.724,-6.1051
253.8,-2.724,-6.1051
253.8,-2.724,-6.1051
255.17,-2.054,-5.2378
255.17,-2.054,-5.2378
256.85,-2.5598,-3.8345
256.85,-2.5598,-3.8345
256.85,-2.5598,-3.8345
257.07,-2.1678,-2.4044
257.07,-2.1678,-2.4044
256.89,-2.2648,-1.4633
256.89,-2.2648,-1.4633
256.47,-2.3594,-0.44768
256.47,-2.3594,-0.44768
257.53,-2.4679,1.1212
257.53,-2.4679,1.1212
257.53,-2.4679,1.1212
257.53,-2.4679,1.1212
257.53,-2.4679,1.1212
256.68,-2.2629,4.7106
256.68,-2.2629,4.7106
255.6,-2.3514,9.7884
255.6,-2.3514,9.7884
255.2,-2.5434,10.496
255.2,-2.5434,10.496
255.2,-2.5434,10.496
255.2,-2.5434,10.496
252.17,-2.7065,15.316
252.17,-2.7065,15.316
252.17,-2.7065,15.316
252.08,-2.5122,25.32
252.04,-2.3187,26.849
252.04,-2.3187,26.849
252.61,-2.0334,27.456
252.61,-2.0334,27.456
252.61,-2.0334,27.456
252.61,-2.0334,27.456
252.61,-2.0334,27.456
252.61,-2.0334,27.456
252.61,-2.0334,27.456
252.61,-2.0334,27.456
252.61,-2.0334,27.456
245.89,-2.4506,45.217
245.89,-2.4506,45.217
245.89,-2.4506,45.217
245.89,-2.4506,45.217
245.89,-2.4506,45.217
245.89,-2.4506,45.217
245.89,-2.4506,45.217
245.89,-2.4506,45.217
235.94,-1.5374,63.357
235.94,-1.5374,63.357
235.94,-1.5374,63.357
236.05,-1.6286,63.87
236.05,-1.6286,63.87
236.05,-1.6286,63.87
236.05,-1.6286,63.87
230.93,-1.5933,71.258
230.93,-1.5933,71.258
226.09,-1.4732,81.34
226.09,-1.4732,81.34
224.38,-1.7201,81.347
224.38,-1.7201,81.347
225.4,-1.296,82.034
225.4,-1.296,82.034
225.4,-1.296,82.034
225.4,-1.296,82.034
225.4,-1.296,82.034
225.4,-1.296,82.034
225.4,-1.296,82.034
225.4,-1.296,82.034
225.4,-1.296,82.034
213.34,-1.3084,96.579
213.34,-1.3084,96.579
213.34,-1.3084,96.579
213.34,-1.3084,96.579
213.34,-1.3084,96.579
208.31,-1.2775,103.52
208.31,-1.2775,103.52
203.08,-1.8683,108.28
203.08,-1.8683,108.28
203.08,-1.8683,108.28
203.08,-1.8683,108.28
203.08,-1.8683,108.28
203.08,-1.8683,108.28
203.08,-1.8683,108.28
197.81,-1.9714,110.86
197.81,-1.9714,110.86
195.41,-1.3483,116.23
195.41,-1.3483,116.23
194.22,-2.159,115.25
194.22,-2.159,115.25
194.22,-2.159,115.25
194.22,-2.159,115.25
194.22,-2.159,115.25
194.22,-2.159,115.25
193.52,-1.1868,115.8
193.52,-1.1868,115.8
193.52,-1.1868,115.8
192.42,-1.4014,116.92
192.42,-1.4014,116.92
192.42,-1.4014,116.92
192.42,-1.4014,116.92
192.42,-1.4014,116.92
192.42,-1.4014,116.92
190.42,-1.4598,116.11
190.42,-1.4598,116.11
190.24,-1.5313,114.36
190.24,-1.5313,114.36
190.24,-1.5313,114.36
190.24,-1.5313,114.36
190.24,-1.5313,114.36
190.24,-1.5313,114.36
189.56,-1.5985,106.92
189.56,-1.5985,106.92
188.86,-1.4479,102.57
188.86,-1.4479,102.57
188.93,-1.2311,101.99
188.93,-1.2311,101.99
188.93,-1.2311,101.99
188.93,-1.2311,101.99
188.93,-1.2311,101.99
188.93,-1.2311,101.99
185.92,-1.4966,89.28
185.92,-1.4966,89.28
185.07,-1.0641,86.131
185.07,-1.0641,86.131
185.07,-1.0641,86.131
185.07,-1.0641,86.131
185.07,-1.0641,86.131
185.07,-1.0641,86.131
185.07,-1.0641,86.131
177.24,-1.7664,65.848
177.25,-0.27177,62.891
177.25,-0.27177,62.891
177.25,-0.27177,62.891
177.25,-0.27177,62.891
177.25,-0.27177,62.891
177.25,-0.27177,62.891
177.25,-0.27177,62.891
169.49,-1.8191,46.073
169.49,-1.8191,46.073
165.74,-1.4612,40.129
165.74,-1.4612,40.129
165.88,-1.526,39.391
165.88,-1.526,39.391
165.88,-1.526,39.391
165.88,-1.526,39.391
165.88,-1.526,39.391
165.88,-1.526,39.391
155.72,-1.9699,24.467
155.72,-1.9699,24.467
152.54,-1.4617,19.1
152.54,-1.4617,19.1
152.54,-1.4617,19.1
152.54,-1.4617,19.1
152.54,-1.4617,19.1
152.54,-1.4617,19.1
141.48,-1.844,6.4147
141.48,-1.844,6.4147
137.09,-1.6291,1.5842
136.27,-1.1491,1.128
136.27,-1.1491,1.128
136.27,-1.1491,1.128
136.27,-1.1491,1.128
136.27,-1.1491,1.128
136.27,-1.1491,1.128
127.02,-1.2172,-7.4565
127.02,-1.2172,-7.4565
123.58,-1.0895,-10.816
123.58,-1.0895,-10.816
123.58,-1.0895,-10.816
123.58,-1.0895,-10.816
123.58,-1.0895,-10.816
123.58,-1.0895,-10.816
123.58,-1.0895,-10.816
123.58,-1.0895,-10.816
114,-0.96138,-18.758
114,-0.96138,-18.758
